0 0.383250 0.773970 0.386310 0.652084 0.263488 0.649001 0.260428 0.770886
0 0.868430 0.707572 0.870447 0.583790 0.748257 0.581800 0.746241 0.705582
0 0.251371 0.678494 0.257619 0.557738 0.135475 0.551418 0.129227 0.672175
0 0.687360 0.362660 0.693535 0.239393 0.570255 0.233217 0.564080 0.356485
0 0.159199 0.825176 0.164243 0.701635 0.037594 0.696463 0.032550 0.820005
0 0.286530 0.915594 0.292572 0.792922 0.168777 0.786825 0.162735 0.909496
0 0.530301 0.893728 0.533524 0.768001 0.409262 0.764816 0.406040 0.890543
0 0.720418 0.601825 0.726254 0.481554 0.604311 0.475636 0.598475 0.595908
0 0.594727 0.509935 0.598419 0.386777 0.474445 0.383061 0.470754 0.506219
0 0.430581 1.000000 0.435401 0.918061 0.312265 0.912972 0.307445 1.000000
0 0.950435 0.571203 0.957374 0.447640 0.831568 0.440575 0.824629 0.564139
0 0.831174 0.469508 0.833165 0.344452 0.708265 0.342463 0.706274 0.467519
0 0.452864 0.389641 0.456377 0.266474 0.335265 0.263021 0.331753 0.386188
0 0.546873 0.265891 0.550007 0.143198 0.423008 0.139954 0.419874 0.262646
