0 0.440153 0.602266 0.536055 0.579866 0.522485 0.521769 0.426583 0.544168
0 0.377443 0.217946 0.429031 0.205412 0.426153 0.193566 0.374565 0.206100
0 0.383115 0.241369 0.433090 0.229744 0.431307 0.222078 0.381332 0.233702
0 0.385891 0.201074 0.417603 0.193871 0.415477 0.184513 0.383765 0.191717
0 0.046064 0.039071 0.059552 0.000769 0.014144 0.000000 0.000655 0.023080
0 0.515097 0.175859 0.531551 0.173218 0.525339 0.134522 0.508886 0.137163
0 0.772178 0.268460 0.780358 0.264198 0.771055 0.246342 0.762875 0.250603
0 0.783117 0.995121 0.783619 0.981739 0.775900 0.981450 0.775398 0.994831
0 0.835433 0.995288 0.835532 0.985227 0.829189 0.985165 0.829090 0.995226
0 0.773778 0.995090 0.774153 0.982332 0.766282 0.982100 0.765906 0.994858
