0 0.783090 0.995112 0.783523 0.981706 0.775943 0.981461 0.775510 0.994867
0 0.773713 0.995051 0.774033 0.982095 0.766282 0.981904 0.765962 0.994859
0 0.764270 0.995052 0.764750 0.981984 0.757344 0.981712 0.756864 0.994781
0 0.715549 0.995664 0.715947 0.985126 0.707153 0.984794 0.706755 0.995332
0 0.704885 0.997803 0.704978 0.984718 0.697088 0.984662 0.696996 0.997747
0 0.797139 0.995486 0.797432 0.982022 0.789798 0.981856 0.789504 0.995320
0 0.755708 0.995268 0.756093 0.982006 0.747766 0.981764 0.747381 0.995026
0 0.835343 0.995234 0.835476 0.985265 0.829241 0.985182 0.829108 0.995151
0 0.745958 0.995716 0.747210 0.982831 0.735375 0.981681 0.734122 0.994566
0 0.727790 0.997376 0.727917 0.984610 0.718073 0.984512 0.717947 0.997278
0 0.851215 0.994784 0.851550 0.982322 0.846521 0.982187 0.846186 0.994649
