0 0.578182 0.857801 0.782464 0.739999 0.763708 0.707473 0.559425 0.825274
0 0.902658 0.450963 0.902844 0.441532 0.852894 0.440548 0.852708 0.449979
0 0.687656 0.631775 0.693390 0.613447 0.526791 0.561330 0.521058 0.579658
0 0.783101 0.995015 0.783629 0.981868 0.776025 0.981563 0.775497 0.994709
0 0.959772 0.287254 0.959778 0.277876 0.909904 0.277847 0.909898 0.287224
0 0.773748 0.994885 0.774082 0.982226 0.766303 0.982020 0.765969 0.994680
0 0.929948 0.562838 0.929977 0.553626 0.851801 0.553379 0.851772 0.562591
0 0.796913 0.994866 0.797297 0.981721 0.790150 0.981513 0.789766 0.994657
0 0.869537 0.449728 0.869352 0.439501 0.820230 0.440390 0.820415 0.450617
0 0.772227 0.913342 0.772532 0.902826 0.730759 0.901614 0.730454 0.912130
0 0.764333 0.994817 0.764819 0.982232 0.757329 0.981943 0.756843 0.994528
0 0.835230 0.995112 0.835376 0.985420 0.829318 0.985329 0.829173 0.995021
0 0.850990 0.994730 0.851376 0.982444 0.846609 0.982294 0.846223 0.994580
0 0.817908 0.994786 0.818160 0.984666 0.811898 0.984509 0.811646 0.994630
0 0.858428 0.994394 0.859114 0.982947 0.854189 0.982652 0.853503 0.994099
0 0.715828 0.995348 0.716253 0.985168 0.707253 0.984791 0.706827 0.994972
0 0.704874 0.997646 0.705012 0.984974 0.697129 0.984888 0.696991 0.997560
