0 0.000000 0.786526 0.079009 0.742063 0.062595 0.712847 0.000000 0.757309
0 0.200583 0.450920 0.200881 0.441823 0.165009 0.440648 0.164711 0.449744
0 0.230788 0.563215 0.230864 0.552632 0.151237 0.552064 0.151161 0.562648
0 0.074776 0.400004 0.074800 0.390903 0.023438 0.390768 0.023414 0.399868
0 0.073633 0.287685 0.073473 0.277119 0.016922 0.277974 0.017082 0.288540
0 0.669043 0.200562 0.669033 0.190797 0.619398 0.190847 0.619408 0.200612
0 0.909321 0.550711 0.909342 0.539597 0.829965 0.539445 0.829944 0.550559
0 0.166992 0.449848 0.166893 0.439790 0.122299 0.440229 0.122398 0.450287
0 0.661396 0.324403 0.661462 0.315983 0.600341 0.315499 0.600274 0.323919
0 0.649103 0.199609 0.648971 0.189643 0.591717 0.190402 0.591849 0.200368
0 0.031149 0.849883 0.031180 0.840556 0.001439 0.840459 0.001409 0.849785
0 0.429606 0.487388 0.429627 0.478679 0.389901 0.478582 0.389880 0.487291
0 0.262316 0.288454 0.262335 0.276643 0.184192 0.276517 0.184173 0.288328
0 0.209970 0.088418 0.248155 0.087094 0.247823 0.077517 0.209638 0.078841
0 0.807634 0.462850 0.807716 0.453806 0.745076 0.453234 0.744993 0.462278
0 0.293633 0.886845 0.293278 0.877553 0.257983 0.878903 0.258339 0.888195
0 0.048758 0.399636 0.048621 0.390701 0.008133 0.391322 0.008270 0.400257
