0 0.001240 0.081878 0.077642 0.040654 0.062624 0.012820 0.000000 0.054044
0 0.218773 0.300544 0.219019 0.291337 0.180689 0.290312 0.180443 0.299520
0 0.031739 0.149419 0.031493 0.140577 0.002159 0.141394 0.002405 0.150236
0 0.835886 0.838427 0.835872 0.826540 0.766785 0.826623 0.766800 0.838511
0 0.782991 0.994928 0.783478 0.981923 0.775949 0.981641 0.775462 0.994646
0 0.142022 0.300439 0.178903 0.299019 0.178561 0.290138 0.141680 0.291559
0 0.773610 0.994820 0.773987 0.982409 0.766320 0.982176 0.765943 0.994587
0 0.835321 0.995194 0.835422 0.985421 0.829281 0.985357 0.829180 0.995131
0 0.851132 0.994756 0.851464 0.982532 0.846574 0.982399 0.846242 0.994623
0 0.797147 0.995166 0.797482 0.982073 0.790085 0.981884 0.789750 0.994976
0 0.818015 0.994715 0.818260 0.984635 0.811645 0.984474 0.811400 0.994554
0 0.764331 0.994837 0.764856 0.982254 0.757391 0.981942 0.756866 0.994526
0 0.858471 0.994424 0.859092 0.983003 0.854094 0.982731 0.853473 0.994152
0 0.867646 0.995095 0.868159 0.984888 0.861184 0.984537 0.860670 0.994744
0 0.886622 0.995182 0.886690 0.984823 0.878773 0.984771 0.878705 0.995130
