0 0.259353 0.985242 0.259289 0.976813 0.223378 0.977085 0.223442 0.985514
0 0.868560 0.185772 0.868433 0.175611 0.807984 0.176362 0.808110 0.186523
0 0.669760 0.685984 0.669724 0.676043 0.615381 0.676237 0.615417 0.686177
0 0.908593 0.211229 0.908474 0.200295 0.843950 0.200997 0.844069 0.211932
0 0.783078 0.995063 0.783581 0.981840 0.775958 0.981550 0.775454 0.994773
0 0.668811 0.898267 0.668763 0.889410 0.596943 0.889801 0.596991 0.898658
0 0.773748 0.994950 0.774093 0.982254 0.766230 0.982040 0.765885 0.994737
0 0.669409 0.224086 0.669479 0.213446 0.600094 0.212990 0.600024 0.223630
0 0.764370 0.994943 0.764882 0.982092 0.757313 0.981790 0.756800 0.994641
0 0.797111 0.995262 0.797454 0.981917 0.789968 0.981725 0.789625 0.995070
0 0.795222 0.435578 0.795060 0.424053 0.718870 0.425118 0.719032 0.436643
0 0.453966 0.411647 0.453932 0.400370 0.381250 0.400590 0.381284 0.411867
0 0.835321 0.995233 0.835442 0.985359 0.829253 0.985283 0.829131 0.995157
0 0.395543 0.310241 0.395419 0.300616 0.350717 0.301192 0.350841 0.310816
0 0.715693 0.995593 0.716184 0.985139 0.707251 0.984720 0.706760 0.995174
0 0.818015 0.994785 0.818257 0.984575 0.811677 0.984419 0.811434 0.994628
0 0.429083 0.636065 0.429374 0.627670 0.388818 0.626263 0.388526 0.634659
0 0.746092 0.995583 0.747324 0.982896 0.735299 0.981727 0.734067 0.994415
0 0.727891 0.997451 0.728131 0.984694 0.717966 0.984503 0.717726 0.997260
0 0.755692 0.995196 0.756127 0.982139 0.747729 0.981859 0.747293 0.994916
0 0.851183 0.994775 0.851521 0.982401 0.846589 0.982266 0.846252 0.994640
0 0.720403 0.523822 0.720473 0.513949 0.645422 0.513415 0.645351 0.523288
0 0.476275 0.849912 0.476504 0.839139 0.404077 0.837596 0.403847 0.848370
