0 0.626224 0.696283 0.658558 0.672380 0.650320 0.661237 0.617986 0.685139
0 0.642381 0.814761 0.673896 0.806410 0.670612 0.794015 0.639097 0.802366
0 0.722638 0.657105 0.748669 0.638264 0.741869 0.628869 0.715838 0.647709
0 0.721142 0.783506 0.753493 0.777438 0.751246 0.765461 0.718895 0.771529
0 0.529542 0.821772 0.560343 0.805708 0.554218 0.793964 0.523417 0.810028
0 0.783138 0.995225 0.783672 0.981575 0.776051 0.981277 0.775517 0.994927
0 0.797022 0.995486 0.797354 0.981955 0.789855 0.981771 0.789523 0.995302
0 0.773764 0.995208 0.774180 0.982186 0.766332 0.981936 0.765917 0.994957
0 0.835326 0.995164 0.835428 0.985194 0.829266 0.985130 0.829163 0.995100
0 0.385550 0.850258 0.438928 0.823478 0.429762 0.805208 0.376384 0.831988
0 0.764259 0.995129 0.764888 0.982098 0.757349 0.981734 0.756721 0.994766
0 0.851222 0.994870 0.851569 0.982221 0.846484 0.982081 0.846137 0.994730
0 0.858489 0.994572 0.859176 0.982693 0.854135 0.982402 0.853448 0.994280
0 0.704779 0.997628 0.704869 0.984762 0.697149 0.984708 0.697058 0.997574
0 0.715316 0.995681 0.715792 0.985028 0.707391 0.984653 0.706915 0.995305
0 0.867203 0.995366 0.867720 0.984644 0.861226 0.984331 0.860709 0.995053
0 0.817943 0.994841 0.818110 0.984487 0.811813 0.984386 0.811646 0.994740
0 0.886547 0.995360 0.886590 0.984626 0.879578 0.984598 0.879534 0.995331
0 0.727639 0.997478 0.727785 0.984599 0.718105 0.984489 0.717959 0.997369
0 0.755601 0.995273 0.756092 0.982102 0.747612 0.981786 0.747121 0.994958
0 0.745832 0.995755 0.747094 0.982937 0.735374 0.981782 0.734112 0.994601
0 0.694701 0.995670 0.694933 0.984970 0.688802 0.984837 0.688570 0.995537
0 0.869165 0.995046 0.869488 0.984761 0.863035 0.984558 0.862712 0.994843
0 0.826919 0.994892 0.827001 0.985067 0.821452 0.985020 0.821370 0.994846
0 0.808033 0.995014 0.807997 0.983418 0.802547 0.983434 0.802583 0.995030
0 0.805110 0.994965 0.805049 0.982873 0.799497 0.982901 0.799558 0.994993
