0 0.196760 1.000000 0.209002 0.991301 0.197107 0.982311 0.184865 0.998510
0 0.600969 0.024631 0.600799 0.000000 0.542988 0.000376 0.543158 0.025030
0 0.054935 0.173167 0.076737 0.168340 0.064794 0.114396 0.042993 0.119222
0 0.063071 0.229331 0.083217 0.225680 0.072959 0.169072 0.052814 0.172723
0 0.327507 0.997200 0.360672 0.954336 0.343010 0.940670 0.309845 0.983535
0 0.374812 0.245276 0.373878 0.198511 0.355372 0.198881 0.356307 0.245646
0 0.550643 0.026107 0.602040 0.002277 0.592500 0.000000 0.541103 0.005530
0 0.210505 0.397781 0.230364 0.392402 0.216343 0.340631 0.196484 0.346010
0 0.445813 0.600361 0.452165 0.550248 0.431619 0.547644 0.425267 0.597757
0 0.320143 0.372379 0.337145 0.371134 0.333908 0.326933 0.316906 0.328179
