0 0.974540 0.791759 0.985505 0.772966 0.941276 0.747160 0.930311 0.765952
0 0.943126 0.573847 0.988403 0.565762 0.983617 0.538961 0.938340 0.547046
0 0.490013 0.761864 0.509841 0.745129 0.447147 0.670849 0.427319 0.687585
0 0.922017 0.677464 0.992231 0.671399 0.990085 0.646551 0.919871 0.652615
0 0.921099 0.933938 0.930047 0.913131 0.840642 0.874683 0.831694 0.895490
0 0.677636 0.412295 0.684368 0.400536 0.584409 0.343302 0.577676 0.355061
0 0.312473 0.831958 0.327720 0.825178 0.295588 0.752915 0.280341 0.759694
0 0.607838 0.023733 0.607697 0.000493 0.512724 0.001070 0.512865 0.024311
0 0.014380 0.915435 0.044252 0.905361 0.018553 0.829164 0.000000 0.839239
0 0.779247 0.553693 0.798010 0.524997 0.785787 0.517004 0.767023 0.545700
