0 0.653806 0.632222 0.685428 0.620628 0.680888 0.608244 0.649266 0.619838
0 0.690754 0.358438 0.705991 0.353342 0.691664 0.310502 0.676426 0.315598
0 0.600896 0.469570 0.631531 0.458056 0.626928 0.445810 0.596294 0.457324
0 0.696895 0.617047 0.735680 0.604023 0.731128 0.590468 0.692343 0.603492
0 0.646685 0.471012 0.683421 0.459228 0.679058 0.445627 0.642322 0.457410
0 0.592713 0.720764 0.621020 0.709336 0.616470 0.698066 0.588163 0.709494
0 0.674195 0.365478 0.688899 0.359709 0.672380 0.317605 0.657676 0.323374
0 0.639194 0.436349 0.669951 0.425077 0.665501 0.412933 0.634744 0.424205
0 0.685329 0.710748 0.716297 0.699393 0.711784 0.687086 0.680816 0.698441
0 0.793108 0.398500 0.831245 0.383483 0.825712 0.369431 0.787575 0.384447
0 0.619215 0.383403 0.635215 0.376983 0.615579 0.328046 0.599578 0.334467
0 0.693377 0.727565 0.722878 0.718113 0.718920 0.705758 0.689419 0.715209
0 0.714122 0.666447 0.751681 0.652394 0.746604 0.638824 0.709045 0.652877
0 0.778143 0.363678 0.815851 0.349383 0.810561 0.335429 0.772853 0.349724
0 0.747009 0.340748 0.760667 0.336097 0.746430 0.294287 0.732771 0.298938
0 0.680581 0.696603 0.710319 0.685614 0.705856 0.673538 0.676118 0.684527
0 0.791555 0.530780 0.824630 0.517920 0.819535 0.504815 0.786459 0.517674
0 0.749283 0.417396 0.784497 0.405244 0.779692 0.391321 0.744478 0.403473
0 0.583411 0.280531 0.598958 0.274974 0.582831 0.229859 0.567285 0.235416
0 0.523871 0.640729 0.552061 0.629731 0.547584 0.618254 0.519393 0.629252
0 0.649443 0.452153 0.676414 0.442444 0.672195 0.430725 0.645224 0.440434
0 0.603401 0.749541 0.631486 0.738867 0.627288 0.727822 0.599203 0.738496
0 0.765053 0.329109 0.803065 0.314693 0.798074 0.301533 0.760062 0.315949
0 0.837840 0.530151 0.877002 0.513357 0.871263 0.499973 0.832101 0.516768
0 0.665080 0.520265 0.702844 0.506432 0.697926 0.493006 0.660162 0.506839
0 0.669350 0.534410 0.703894 0.523340 0.699605 0.509955 0.665060 0.521025
0 0.745491 0.398462 0.775049 0.387646 0.770593 0.375468 0.741035 0.386284
0 0.797584 0.418268 0.834111 0.403964 0.828853 0.390538 0.792326 0.404841
0 0.610582 0.483702 0.638760 0.471703 0.633690 0.459797 0.605512 0.471795
0 0.570886 0.764317 0.596589 0.755416 0.592692 0.744163 0.566989 0.753064
0 0.586073 0.703822 0.612034 0.694014 0.607702 0.682549 0.581741 0.692357
0 0.829919 0.506901 0.871793 0.493654 0.867147 0.478966 0.825272 0.492214
0 0.619722 0.261769 0.634454 0.257698 0.622234 0.213471 0.607502 0.217542
0 0.655505 0.371646 0.671142 0.365603 0.654783 0.323269 0.639146 0.329311
0 0.538322 0.677500 0.564826 0.667123 0.560513 0.656105 0.534008 0.666483
0 0.575790 0.673850 0.604443 0.663021 0.599895 0.650986 0.571241 0.661816
0 0.785378 0.382802 0.826070 0.366701 0.820423 0.352428 0.779731 0.368529
0 0.640558 0.378052 0.653477 0.372971 0.638730 0.335478 0.625811 0.340560
0 0.664585 0.665297 0.696023 0.653590 0.691573 0.641639 0.660135 0.653346
0 0.672662 0.678135 0.702784 0.667056 0.698280 0.654810 0.668158 0.665889
0 0.736113 0.731746 0.774805 0.716963 0.769334 0.702645 0.730642 0.717428
0 0.598393 0.733592 0.624714 0.723587 0.620306 0.711992 0.593985 0.721997
0 0.562441 0.738886 0.587929 0.730090 0.584109 0.719021 0.558621 0.727818
0 0.658895 0.484420 0.686941 0.474907 0.683038 0.463399 0.654992 0.472912
0 0.761998 0.468419 0.801548 0.454205 0.796410 0.439909 0.756860 0.454122
0 0.822736 0.491245 0.863131 0.476868 0.857716 0.461654 0.817321 0.476032
0 0.582393 0.419597 0.615427 0.407901 0.611002 0.395403 0.577968 0.407099
0 0.772277 0.482371 0.808364 0.470496 0.803728 0.456410 0.767642 0.468285
0 0.813327 0.576515 0.841648 0.566647 0.837275 0.554098 0.808955 0.563965
0 0.694596 0.600380 0.733524 0.588418 0.729212 0.574387 0.690285 0.586350
0 0.754116 0.434905 0.791311 0.422993 0.786892 0.409194 0.749697 0.421107
0 0.812306 0.595779 0.849056 0.583106 0.844120 0.568791 0.807370 0.581464
0 0.647831 0.598190 0.676546 0.588209 0.672306 0.576009 0.643591 0.585990
0 0.845509 0.549034 0.892756 0.530306 0.886294 0.514003 0.839047 0.532732
0 0.582387 0.690532 0.609902 0.678939 0.604929 0.667137 0.577414 0.678730
0 0.636472 0.581722 0.671657 0.570421 0.667447 0.557317 0.632263 0.568618
0 0.640752 0.272639 0.656226 0.268491 0.644247 0.223812 0.628774 0.227960
0 0.517167 0.614073 0.543559 0.604298 0.539524 0.593404 0.513132 0.603179
0 0.677906 0.550739 0.713880 0.538672 0.709334 0.525119 0.673360 0.537186
0 0.703774 0.760328 0.733893 0.749703 0.729507 0.737269 0.699388 0.747894
0 0.521538 0.626639 0.547601 0.616697 0.543176 0.605097 0.517113 0.615039
0 0.633705 0.566886 0.667082 0.554353 0.662342 0.541731 0.628965 0.554264
0 0.650382 0.615168 0.684399 0.602506 0.679487 0.589309 0.645469 0.601970
0 0.712044 0.353753 0.725518 0.348896 0.710783 0.308024 0.697309 0.312881
0 0.872504 0.622069 0.909481 0.607588 0.903694 0.592812 0.866717 0.607293
0 0.685725 0.565904 0.719177 0.553408 0.714427 0.540692 0.680975 0.553189
0 0.689926 0.759779 0.783338 0.726852 0.655680 0.364691 0.562268 0.397617
0 0.625768 0.550686 0.660962 0.537442 0.656043 0.524371 0.620849 0.537615
0 0.727148 0.345490 0.741829 0.339889 0.725508 0.297113 0.710827 0.302714
0 0.861105 0.580150 0.892100 0.568239 0.887290 0.555724 0.856296 0.567636
0 0.763857 0.310789 0.794843 0.299600 0.790460 0.287462 0.759474 0.298650
0 0.523911 0.521582 0.550556 0.512555 0.546475 0.500511 0.519831 0.509538
0 0.631935 0.824937 0.663140 0.812332 0.658319 0.800396 0.627114 0.813001
0 0.570182 0.660017 0.598559 0.649468 0.593916 0.636976 0.565538 0.647525
0 0.836141 0.660912 0.876986 0.645918 0.871457 0.630858 0.830612 0.645851
0 0.741737 0.384346 0.768684 0.374430 0.764403 0.362797 0.737456 0.372714
0 0.567443 0.751004 0.593471 0.741980 0.589627 0.730895 0.563600 0.739919
0 0.546363 0.688147 0.570267 0.678284 0.565810 0.667483 0.541906 0.677346
0 0.532719 0.551575 0.562509 0.542893 0.558986 0.530806 0.529196 0.539487
0 0.616776 0.516071 0.648201 0.504271 0.643857 0.492701 0.612431 0.504501
0 0.637573 0.857478 0.669478 0.845416 0.665068 0.833748 0.633162 0.845810
0 0.561115 0.725047 0.584420 0.717066 0.580758 0.706371 0.557453 0.714352
0 0.609679 0.866196 0.634551 0.856170 0.630071 0.845055 0.605198 0.855081
0 0.531465 0.537741 0.555507 0.529318 0.551359 0.517479 0.527317 0.525902
0 0.833810 0.641519 0.865811 0.629413 0.860950 0.616564 0.828949 0.628669
0 0.630183 0.402392 0.664617 0.391909 0.660605 0.378731 0.626171 0.389214
0 0.609844 0.762800 0.636898 0.752569 0.632591 0.741181 0.605538 0.751412
0 0.576141 0.777277 0.602543 0.767200 0.598469 0.756526 0.572067 0.766603
0 0.636321 0.841181 0.667520 0.828691 0.662707 0.816670 0.631508 0.829161
0 0.598435 0.262005 0.612282 0.257853 0.600907 0.219921 0.587060 0.224074
0 0.565934 0.644101 0.593999 0.633867 0.589460 0.621421 0.561395 0.631655
0 0.492018 0.537728 0.517839 0.528954 0.513907 0.517382 0.488086 0.526155
0 0.508303 0.589282 0.534449 0.579360 0.530117 0.567944 0.503971 0.577865
0 0.530714 0.652621 0.557065 0.642254 0.552602 0.630913 0.526252 0.641280
0 0.503296 0.575514 0.529566 0.567757 0.526139 0.556151 0.499869 0.563908
0 0.550118 0.600302 0.581632 0.588015 0.576884 0.575837 0.545370 0.588124
0 0.600945 0.449079 0.626433 0.439315 0.622348 0.428652 0.596860 0.438416
0 0.581825 0.334655 0.593280 0.330242 0.580987 0.298341 0.569533 0.302755
0 0.709340 0.774512 0.735962 0.764363 0.731540 0.752763 0.704918 0.762913
0 0.604424 0.851186 0.628370 0.842594 0.624455 0.831682 0.600509 0.840274
0 0.486373 0.524669 0.511426 0.516784 0.507709 0.504973 0.482656 0.512857
0 0.597808 0.826396 0.621335 0.818380 0.617580 0.807361 0.594054 0.815377
0 0.704558 0.226719 0.717621 0.221515 0.704214 0.187862 0.691152 0.193066
0 0.581025 0.789573 0.605470 0.779173 0.600991 0.768647 0.576547 0.779046
0 0.660639 0.245445 0.669911 0.241271 0.657208 0.213059 0.647936 0.217233
0 0.486511 0.110132 0.526957 0.103542 0.524624 0.089227 0.484178 0.095818
0 0.483258 0.096568 0.523311 0.090229 0.521057 0.075989 0.481004 0.082329
0 0.505756 0.018733 0.510501 0.005469 0.471944 0.000000 0.467199 0.004939
0 0.513035 0.035373 0.517179 0.020246 0.474239 0.008484 0.470095 0.023611
0 0.590427 0.841206 0.661605 0.815840 0.533697 0.456932 0.462519 0.482298
0 0.533869 0.436823 0.550552 0.411616 0.540733 0.405118 0.524051 0.430325
0 0.482459 0.510487 0.507673 0.503373 0.504458 0.491979 0.479245 0.499093
0 0.825166 0.650523 0.918092 0.617654 0.800011 0.283818 0.707085 0.316687
0 0.555051 0.712001 0.576774 0.703734 0.572755 0.693173 0.551032 0.701440
0 0.554893 0.410148 0.564731 0.406385 0.556644 0.385244 0.546806 0.389007
0 0.567334 0.290513 0.578687 0.286691 0.570604 0.262678 0.559251 0.266500
0 0.597630 0.198723 0.612475 0.192153 0.594110 0.150657 0.579265 0.157227
0 0.773608 0.994853 0.773940 0.981656 0.766471 0.981468 0.766139 0.994664
0 0.783064 0.995062 0.783517 0.981400 0.776126 0.981155 0.775673 0.994817
0 0.764093 0.995005 0.764589 0.981835 0.757428 0.981565 0.756931 0.994735
0 0.796823 0.995338 0.797160 0.981696 0.789926 0.981518 0.789589 0.995160
0 0.437545 0.909095 0.580523 0.880220 0.578143 0.868433 0.435164 0.897308
0 0.704756 0.997650 0.704830 0.984850 0.697208 0.984806 0.697135 0.997607
0 0.755536 0.995112 0.755888 0.981771 0.747801 0.981558 0.747450 0.994899
0 0.728426 0.210680 0.742936 0.205589 0.716865 0.131283 0.702355 0.136374
0 0.715468 0.995685 0.716033 0.985133 0.707428 0.984672 0.706863 0.995224
0 0.571007 0.287419 0.690024 0.247158 0.669070 0.185217 0.550054 0.225478
0 0.835119 0.995094 0.835263 0.985431 0.829425 0.985344 0.829280 0.995006
0 0.817824 0.994788 0.818018 0.984634 0.812058 0.984520 0.811865 0.994675
0 0.267512 0.135968 0.302910 0.126017 0.299400 0.113530 0.264001 0.123482
0 0.621589 0.401682 0.785210 0.340128 0.764605 0.285356 0.600984 0.346911
0 0.694597 0.995675 0.694834 0.985055 0.688860 0.984922 0.688623 0.995541
0 1.000000 0.131569 1.000000 0.053657 0.968044 0.054214 0.969395 0.132126
0 0.745610 0.995633 0.746773 0.982882 0.735659 0.981868 0.734495 0.994619
0 0.727529 0.997397 0.727586 0.984641 0.718199 0.984599 0.718143 0.997355
0 0.270602 0.122120 0.296512 0.115694 0.293735 0.104498 0.267825 0.110924
0 0.851200 0.994845 0.851530 0.982505 0.846484 0.982371 0.846155 0.994711
0 0.826785 0.994867 0.826903 0.985188 0.821741 0.985126 0.821624 0.994804
0 0.992571 0.134490 1.000000 0.123598 0.995030 0.052369 0.965920 0.063261
0 0.805044 0.994916 0.804957 0.982687 0.799531 0.982725 0.799618 0.994954
0 0.807936 0.994951 0.807896 0.983590 0.802495 0.983609 0.802535 0.994970
