0 0.470456 0.077752 0.473643 0.042490 0.460655 0.041316 0.457468 0.076578
0 0.577214 0.040658 0.576334 0.010845 0.564352 0.011198 0.565233 0.041011
0 0.418150 0.168127 0.420132 0.140998 0.409558 0.140226 0.407577 0.167355
0 0.392824 0.246862 0.404176 0.245107 0.399582 0.215389 0.388230 0.217144
0 0.684362 0.642303 0.688559 0.616666 0.676846 0.614748 0.672649 0.640386
0 0.916499 0.727282 0.916580 0.707259 0.906144 0.707217 0.906064 0.727240
0 0.432016 0.549736 0.444635 0.543405 0.430221 0.514674 0.417602 0.521005
0 0.692854 0.142047 0.702025 0.141101 0.699683 0.118406 0.690512 0.119353
0 0.301889 0.060981 0.300971 0.035736 0.289723 0.036145 0.290641 0.061390
0 0.783216 0.995339 0.783852 0.981363 0.775920 0.981002 0.775284 0.994978
0 0.402872 0.235798 0.411260 0.233954 0.406795 0.213640 0.398407 0.215484
0 0.524191 0.971953 0.528962 0.918822 0.508806 0.917012 0.504035 0.970142
0 0.773889 0.995482 0.774453 0.981822 0.766245 0.981483 0.765681 0.995143
0 0.325172 0.672672 0.340382 0.672017 0.338876 0.637048 0.323667 0.637702
0 0.952073 0.385410 0.952203 0.368197 0.943459 0.368131 0.943329 0.385344
0 0.764247 0.995389 0.764989 0.981867 0.757299 0.981445 0.756556 0.994966
0 0.704592 0.998071 0.705061 0.984796 0.697049 0.984513 0.696579 0.997788
0 0.797241 0.995869 0.797623 0.981798 0.789483 0.981577 0.789101 0.995648
0 0.818070 0.994923 0.818272 0.984347 0.811639 0.984220 0.811437 0.994796
0 0.835509 0.995439 0.835632 0.985146 0.829147 0.985068 0.829023 0.995362
0 0.755676 0.995851 0.756307 0.981869 0.747595 0.981476 0.746964 0.995458
