0 0.664474 0.111664 0.738020 0.093447 0.733152 0.073794 0.659606 0.092011
0 0.783124 0.995168 0.783629 0.981467 0.776005 0.981186 0.775500 0.994887
0 0.796966 0.995432 0.797303 0.981804 0.789849 0.981619 0.789511 0.995247
0 0.773806 0.995058 0.774149 0.982003 0.766289 0.981797 0.765947 0.994851
0 0.764356 0.995093 0.764881 0.981898 0.757288 0.981596 0.756762 0.994790
0 0.835367 0.995278 0.835507 0.985231 0.829205 0.985143 0.829065 0.995191
0 0.715621 0.995681 0.716020 0.984812 0.707188 0.984488 0.706789 0.995357
0 0.851197 0.994897 0.851507 0.982211 0.846468 0.982088 0.846158 0.994774
0 0.858488 0.994510 0.859173 0.982693 0.854100 0.982398 0.853414 0.994216
0 0.817957 0.994880 0.818166 0.984498 0.811773 0.984370 0.811565 0.994752
0 0.755727 0.995468 0.756153 0.982024 0.747474 0.981749 0.747048 0.995193
0 0.867405 0.995319 0.867890 0.984678 0.861175 0.984373 0.860691 0.995013
0 0.745822 0.995706 0.747059 0.982858 0.735333 0.981728 0.734096 0.994577
