0 0.062706 0.014527 0.062772 0.000000 0.048809 0.000000 0.048744 0.014470
0 0.467600 0.888844 0.479573 0.885628 0.472139 0.857951 0.460166 0.861167
0 0.193460 0.165436 0.199595 0.154937 0.179157 0.142995 0.173023 0.153493
0 0.064409 0.173563 0.069406 0.133436 0.052471 0.131327 0.047474 0.171454
0 0.783111 0.995114 0.783638 0.981577 0.776013 0.981280 0.775486 0.994817
0 0.773708 0.995022 0.774124 0.982041 0.766394 0.981792 0.765978 0.994774
0 0.380860 0.764345 0.390006 0.755828 0.373700 0.738318 0.364554 0.746834
0 0.715563 0.995730 0.716039 0.984951 0.707192 0.984560 0.706716 0.995339
0 0.764258 0.995045 0.764849 0.981985 0.757374 0.981646 0.756783 0.994706
0 0.796947 0.995252 0.797291 0.981729 0.789897 0.981541 0.789553 0.995064
0 0.102368 0.311818 0.110326 0.296679 0.075832 0.278547 0.067874 0.293686
0 0.704901 0.997772 0.705066 0.984740 0.697019 0.984638 0.696854 0.997670
