0 0.280210 0.360193 0.360375 0.154870 0.341207 0.147386 0.261042 0.352709
0 0.579879 1.000000 0.591850 0.997232 0.550375 0.961582 0.538404 0.975509
0 0.785787 0.976174 0.794345 0.967972 0.769800 0.942360 0.761241 0.950562
0 0.869134 0.832616 0.880544 0.824957 0.863131 0.799014 0.851720 0.806673
0 0.704907 0.997855 0.705106 0.984869 0.697065 0.984746 0.696866 0.997732
0 0.715360 0.995588 0.715809 0.985153 0.707131 0.984780 0.706683 0.995215
0 1.000000 0.333590 1.000000 0.315628 0.989219 0.316303 0.990322 0.334265
0 0.783080 0.995209 0.783662 0.981569 0.775966 0.981241 0.775384 0.994880
0 0.773831 0.995306 0.774420 0.981749 0.766471 0.981404 0.765883 0.994961
0 0.835402 0.995356 0.835613 0.985426 0.829266 0.985291 0.829055 0.995221
0 0.727546 0.997436 0.727626 0.984707 0.717996 0.984647 0.717916 0.997375
0 0.764135 0.995263 0.764958 0.981869 0.757490 0.981410 0.756667 0.994804
0 0.797004 0.995569 0.797390 0.981872 0.789826 0.981659 0.789440 0.995355
0 0.851216 0.994949 0.851527 0.982322 0.846348 0.982195 0.846037 0.994821
