0 0.714847 0.804456 0.717209 0.789945 0.676292 0.783285 0.673931 0.797796
0 0.716370 0.104051 0.806779 0.084704 0.798230 0.044751 0.707821 0.064098
0 0.813929 0.748245 0.825789 0.643369 0.734841 0.633085 0.722981 0.737961
0 0.713800 0.851741 0.725024 0.808019 0.710302 0.804240 0.699078 0.847961
0 0.753996 0.541961 0.760657 0.519791 0.750843 0.516842 0.744181 0.539011
0 0.761472 0.552650 0.793954 0.421834 0.781163 0.418658 0.748680 0.549474
0 0.822370 0.210270 0.903065 0.189102 0.882187 0.109516 0.801492 0.130684
0 0.989779 0.066697 1.000000 0.063746 0.995445 0.035941 0.983120 0.038893
0 0.990931 0.480677 1.000000 0.465107 0.996867 0.450486 0.978522 0.466056
0 0.810167 0.684942 0.816457 0.640233 0.801298 0.638101 0.795008 0.682809
0 0.856965 0.375109 0.875375 0.352727 0.772387 0.268015 0.753977 0.290397
0 0.836241 0.880996 0.885069 0.870819 0.881010 0.851345 0.832182 0.861522
0 0.554574 0.912604 0.560227 0.901296 0.524375 0.883371 0.518722 0.894679
0 0.783097 0.995211 0.783613 0.981529 0.775969 0.981240 0.775452 0.994922
0 0.909306 0.536298 0.943988 0.502248 0.931102 0.489123 0.896420 0.523173
0 0.773836 0.995299 0.774293 0.982271 0.766383 0.981993 0.765926 0.995022
0 0.940437 0.031976 0.951431 0.026154 0.937817 0.000441 0.926822 0.006262
0 0.858477 0.994727 0.859235 0.982624 0.854117 0.982304 0.853359 0.994407
0 0.818093 0.995185 0.818253 0.984393 0.811282 0.984290 0.811122 0.995081
0 0.797121 0.995508 0.797413 0.981832 0.789803 0.981669 0.789511 0.995345
0 0.851186 0.994970 0.851531 0.982115 0.846416 0.981977 0.846070 0.994833
0 0.764320 0.995167 0.764936 0.982181 0.757280 0.981818 0.756664 0.994804
0 0.867275 0.995468 0.867766 0.984717 0.861205 0.984417 0.860714 0.995168
0 0.835628 0.995269 0.835710 0.985138 0.829105 0.985084 0.829023 0.995215
0 0.886378 0.995466 0.886442 0.984665 0.879621 0.984625 0.879557 0.995426
0 0.827217 0.994873 0.827143 0.984034 0.820709 0.984078 0.820784 0.994917
0 0.869193 0.995191 0.869592 0.984796 0.863219 0.984551 0.862820 0.994946
0 0.715518 0.995633 0.716002 0.985258 0.707182 0.984846 0.706698 0.995222
0 0.914265 0.995448 0.914576 0.984333 0.907005 0.984122 0.906695 0.995237
0 0.703715 0.913210 0.713966 0.864799 0.695262 0.860839 0.685011 0.909249
0 0.755775 0.995426 0.756220 0.982131 0.747423 0.981837 0.746979 0.995132
