0 0.557229 0.969559 0.569259 0.965797 0.560496 0.937771 0.548466 0.941532
0 0.170580 0.226290 0.184064 0.223055 0.176181 0.190198 0.162697 0.193433
0 0.286036 0.448331 0.318836 0.426343 0.309939 0.413071 0.277139 0.435059
0 0.360709 0.791017 0.377168 0.788628 0.371478 0.749435 0.355019 0.751824
0 0.938886 0.523027 0.945744 0.474547 0.916874 0.470463 0.910016 0.518943
0 0.153962 0.779316 0.166722 0.746828 0.152087 0.741079 0.139327 0.773568
0 0.330642 0.623676 0.334838 0.585478 0.318057 0.583635 0.313861 0.621833
0 0.271554 0.074458 0.283493 0.050182 0.271912 0.044487 0.259974 0.068763
0 0.157880 0.966260 0.166949 0.925170 0.149280 0.921270 0.140210 0.962360
0 0.783133 0.995253 0.783696 0.981488 0.776066 0.981176 0.775503 0.994940
0 0.115312 0.657634 0.127094 0.628536 0.114482 0.623429 0.102700 0.652528
0 0.704780 0.997636 0.704913 0.984825 0.697146 0.984745 0.697013 0.997556
0 0.715445 0.995521 0.715955 0.985308 0.707246 0.984874 0.706737 0.995086
0 0.773717 0.995188 0.774188 0.982124 0.766362 0.981841 0.765891 0.994906
0 0.796914 0.995582 0.797272 0.981952 0.789827 0.981757 0.789469 0.995386
0 0.764226 0.995072 0.764895 0.981968 0.757390 0.981585 0.756721 0.994689
0 0.694802 0.995619 0.695052 0.984989 0.688698 0.984840 0.688448 0.995470
