0 0.552186 0.638808 0.562013 0.627939 0.532470 0.601226 0.522642 0.612096
0 0.474952 0.637573 0.486586 0.626857 0.456415 0.594103 0.444781 0.604820
0 0.573215 0.635675 0.582830 0.627472 0.560911 0.601783 0.551297 0.609986
0 0.593159 0.606602 0.603929 0.596272 0.575900 0.567049 0.565130 0.577378
0 0.588181 0.632007 0.599458 0.624640 0.580249 0.595236 0.568972 0.602602
0 0.524099 0.629260 0.532643 0.618904 0.505950 0.596883 0.497407 0.607239
0 0.458264 0.647150 0.470256 0.636028 0.431866 0.594634 0.419874 0.605756
0 0.532787 0.444650 0.572760 0.435038 0.569342 0.420824 0.529369 0.430437
0 0.431147 0.671182 0.475156 0.660860 0.471854 0.646781 0.427845 0.657103
0 0.576167 0.414645 0.585474 0.405055 0.558627 0.378997 0.549319 0.388587
0 0.546892 0.494182 0.585790 0.491096 0.584602 0.476119 0.545704 0.479205
0 0.592483 0.474701 0.605077 0.472978 0.600473 0.439332 0.587879 0.441055
0 0.585505 0.543336 0.594744 0.529746 0.561235 0.506964 0.551996 0.520553
0 0.594852 0.580961 0.601336 0.569643 0.574113 0.554047 0.567629 0.565364
0 0.588353 0.562533 0.596701 0.549482 0.564841 0.529105 0.556494 0.542156
0 0.546289 0.480049 0.582053 0.473049 0.579332 0.459148 0.543568 0.466148
0 0.437185 0.651081 0.448543 0.638449 0.413050 0.606537 0.401692 0.619169
0 0.483018 0.655077 0.514223 0.645601 0.510618 0.633730 0.479413 0.643206
0 0.539060 0.463316 0.582975 0.450412 0.578221 0.434233 0.534306 0.447137
0 0.515825 0.313784 0.529662 0.310345 0.517727 0.262330 0.503890 0.265769
0 0.533433 0.325434 0.534421 0.313987 0.505614 0.311502 0.504626 0.322949
0 0.474919 0.645426 0.504685 0.634964 0.500814 0.623951 0.471048 0.634413
0 0.527062 0.418635 0.556580 0.410928 0.553742 0.400057 0.524224 0.407764
0 0.583615 0.402970 0.592031 0.396238 0.575923 0.376101 0.567507 0.382834
0 0.717191 0.664415 0.792837 0.636445 0.759923 0.547426 0.684277 0.575395
0 0.532246 0.428902 0.559057 0.422202 0.556313 0.411221 0.529502 0.417922
0 0.985695 0.449793 1.000000 0.446436 0.991736 0.398067 0.975619 0.401424
0 0.641844 0.396280 0.658947 0.332138 0.639605 0.326981 0.622503 0.391123
0 0.504623 0.633126 0.509286 0.621129 0.485518 0.611890 0.480855 0.623888
0 0.518452 0.408025 0.551183 0.400798 0.548546 0.388857 0.515815 0.396084
0 0.634499 0.598947 0.646442 0.597600 0.642597 0.563523 0.630655 0.564870
0 0.530082 0.295345 0.544407 0.293433 0.539283 0.255043 0.524958 0.256955
0 0.576784 0.436269 0.587733 0.435469 0.586002 0.411793 0.575054 0.412593
0 0.635303 0.638705 0.670659 0.631261 0.667674 0.617081 0.632317 0.624525
0 0.569997 0.427108 0.578316 0.420788 0.562539 0.400019 0.554219 0.406340
0 0.644776 0.655834 0.678021 0.647452 0.675063 0.635723 0.641818 0.644105
0 0.772586 0.783622 0.810957 0.773349 0.780496 0.659575 0.742126 0.669848
0 0.589141 0.432166 0.599010 0.430878 0.596078 0.408418 0.586208 0.409707
0 0.679207 0.386576 0.722762 0.373354 0.718481 0.359252 0.674926 0.372474
0 0.619159 0.932712 0.635780 0.926766 0.619184 0.880372 0.602562 0.886318
0 0.611427 0.890224 0.611316 0.857920 0.597840 0.857967 0.597951 0.890270
0 0.517581 0.368856 0.551322 0.365429 0.550031 0.352727 0.516290 0.356154
0 0.783580 0.995471 0.784149 0.981381 0.775924 0.981048 0.775355 0.995139
0 0.752549 0.607205 0.765542 0.602962 0.749913 0.555099 0.736919 0.559342
0 0.542046 0.353703 0.541886 0.343684 0.516730 0.344085 0.516890 0.354105
