0 0.015681 0.815513 0.026018 0.799501 0.001188 0.783472 0.000000 0.799485
0 0.067072 0.726700 0.076948 0.710274 0.032666 0.683649 0.022790 0.700075
0 0.096092 0.076033 0.108346 0.072169 0.099674 0.044664 0.087420 0.048528
0 0.166956 0.193199 0.205406 0.164885 0.197476 0.154116 0.159025 0.182430
0 0.020853 0.283750 0.054550 0.249595 0.046203 0.241359 0.012505 0.275514
0 0.783037 0.995111 0.783483 0.981630 0.776018 0.981383 0.775572 0.994864
0 0.702992 0.644489 0.722860 0.639721 0.711703 0.593230 0.691836 0.597998
0 0.002518 0.159697 0.032898 0.130659 0.013993 0.110881 0.000000 0.139918
0 0.080404 0.846916 0.134792 0.757383 0.004788 0.678410 0.000000 0.767944
0 0.773705 0.995062 0.774051 0.982169 0.766376 0.981963 0.766030 0.994856
0 0.797041 0.995556 0.797316 0.981911 0.789875 0.981761 0.789599 0.995406
0 0.764291 0.995058 0.764847 0.982075 0.757415 0.981757 0.756859 0.994740
0 0.835263 0.995231 0.835401 0.985260 0.829279 0.985175 0.829142 0.995147
0 0.715475 0.995770 0.715983 0.984996 0.707329 0.984588 0.706822 0.995363
0 0.817918 0.994831 0.818120 0.984505 0.811829 0.984382 0.811627 0.994708
0 0.851182 0.994860 0.851511 0.982321 0.846508 0.982190 0.846179 0.994729
0 0.858427 0.994466 0.859105 0.982851 0.854045 0.982556 0.853367 0.994170
0 0.867416 0.995199 0.867920 0.984767 0.861214 0.984443 0.860710 0.994875
0 0.550118 0.336451 0.567137 0.328843 0.548215 0.286512 0.531196 0.294119
0 0.755660 0.995318 0.756109 0.982099 0.747544 0.981808 0.747095 0.995027
0 0.704814 0.997745 0.704941 0.984810 0.696998 0.984733 0.696871 0.997668
