0 0.509374 0.654491 0.533035 0.653646 0.530562 0.584384 0.506901 0.585229
0 0.783236 0.995245 0.783719 0.981635 0.776047 0.981363 0.775564 0.994973
0 0.422340 0.711342 0.433347 0.705343 0.421354 0.683337 0.410347 0.689336
0 0.311548 0.737968 0.321226 0.731847 0.309370 0.713104 0.299692 0.719226
0 0.773887 0.995155 0.774217 0.982003 0.766274 0.981804 0.765944 0.994955
0 0.729672 0.997678 0.729521 0.980989 0.717515 0.981097 0.717665 0.997786
0 0.704880 0.997803 0.704997 0.984797 0.697100 0.984726 0.696984 0.997732
0 0.764360 0.995073 0.764854 0.982007 0.757263 0.981720 0.756768 0.994786
0 0.494321 0.766761 0.504066 0.759082 0.489287 0.740326 0.479542 0.748005
0 0.796983 0.995447 0.797354 0.982009 0.789855 0.981803 0.789484 0.995240
0 0.613938 0.965288 0.625956 0.954298 0.598276 0.924030 0.586258 0.935020
0 0.948861 0.739951 0.959654 0.733595 0.945290 0.709201 0.934497 0.715556
0 0.700615 0.914634 0.715988 0.907480 0.696515 0.865636 0.681143 0.872790
0 0.460857 0.878008 0.475825 0.870811 0.456535 0.830690 0.441566 0.837887
0 0.835360 0.995223 0.835366 0.985234 0.829304 0.985230 0.829298 0.995219
0 0.715341 0.995749 0.715593 0.984910 0.706709 0.984704 0.706457 0.995543
0 0.851636 0.994684 0.851380 0.982198 0.846045 0.982307 0.846301 0.994794
0 0.859290 0.994527 0.859148 0.981658 0.853396 0.981721 0.853538 0.994590
0 0.817838 0.994869 0.818042 0.984675 0.811943 0.984553 0.811738 0.994747
0 0.868594 0.995830 0.868401 0.982134 0.860571 0.982244 0.860764 0.995940
0 0.755693 0.995298 0.756006 0.981987 0.747253 0.981781 0.746940 0.995092
0 0.886516 0.995373 0.886531 0.984335 0.879583 0.984326 0.879569 0.995364
0 0.694874 0.995709 0.695122 0.984826 0.688777 0.984682 0.688529 0.995564
0 0.746258 0.995864 0.747603 0.982389 0.735279 0.981159 0.733934 0.994634
0 0.645263 0.756242 0.653462 0.750862 0.643351 0.735453 0.635152 0.740833
0 0.826843 0.994965 0.826914 0.985224 0.821504 0.985185 0.821433 0.994925
0 0.914190 0.995332 0.914535 0.984340 0.907117 0.984107 0.906772 0.995098
0 0.807982 0.995008 0.807986 0.983484 0.802615 0.983482 0.802610 0.995006
0 0.805153 0.995060 0.805125 0.982935 0.799538 0.982948 0.799567 0.995073
0 0.974299 0.997584 0.975388 0.985335 0.966956 0.984586 0.965868 0.996835
0 0.853166 0.995000 0.853097 0.983189 0.847807 0.983220 0.847876 0.995031
0 0.923819 0.995488 0.924093 0.984340 0.916366 0.984150 0.916092 0.995298
