0 0.978509 0.535924 0.997871 0.534528 0.993997 0.480777 0.974635 0.482172
0 0.783168 0.995195 0.783686 0.981571 0.775921 0.981276 0.775403 0.994900
0 0.030239 0.270657 0.032745 0.254169 0.000315 0.249240 0.000000 0.265729
0 0.095906 0.807607 0.108646 0.803836 0.100602 0.776668 0.087863 0.780440
0 0.773786 0.995135 0.774185 0.982061 0.766270 0.981820 0.765871 0.994894
0 0.001988 0.890057 0.030841 0.861174 0.011812 0.842165 0.000000 0.871049
0 0.764292 0.995164 0.764871 0.981888 0.757307 0.981559 0.756729 0.994834
0 0.797071 0.995563 0.797414 0.981980 0.789711 0.981785 0.789368 0.995368
0 0.715443 0.995647 0.715854 0.985009 0.707265 0.984677 0.706854 0.995315
0 0.755694 0.995470 0.756137 0.981852 0.747550 0.981573 0.747107 0.995191
0 0.704889 0.997775 0.705002 0.984715 0.697014 0.984646 0.696902 0.997706
0 0.745862 0.995756 0.747104 0.982671 0.735379 0.981558 0.734137 0.994643
