0 0.556142 0.319988 0.572542 0.237704 0.533549 0.229933 0.517149 0.312216
0 0.608756 0.336099 0.626940 0.241602 0.585010 0.233533 0.566826 0.328030
0 0.239479 0.947503 0.248580 0.904194 0.233139 0.900949 0.224038 0.944258
0 0.634689 0.989010 0.647400 0.955198 0.635764 0.950823 0.623053 0.984636
0 0.260866 0.814030 0.283366 0.796563 0.277624 0.789167 0.255124 0.806634
0 0.424644 0.910300 0.443504 0.891276 0.435356 0.883198 0.416496 0.902223
0 0.502509 0.920268 0.515233 0.892367 0.505042 0.887720 0.492318 0.915620
0 0.234347 0.850687 0.259595 0.830465 0.251776 0.820703 0.226528 0.840924
0 0.558866 0.942927 0.569262 0.872955 0.546021 0.869502 0.535625 0.939474
0 0.265098 0.821588 0.288702 0.803290 0.282259 0.794979 0.258656 0.813278
0 0.368174 0.812611 0.386788 0.798413 0.380327 0.789941 0.361712 0.804139
0 0.334968 1.000000 0.335401 0.990084 0.323863 0.989653 0.323429 1.000000
0 0.494032 0.912100 0.506497 0.886298 0.496824 0.881624 0.484358 0.907426
0 0.178353 0.900292 0.187642 0.874104 0.175756 0.869888 0.166466 0.896075
0 0.110981 0.804379 0.137454 0.794149 0.110395 0.724124 0.083922 0.734353
0 0.213956 0.896112 0.233617 0.883134 0.227382 0.873688 0.207721 0.886665
0 0.563571 0.939946 0.566047 0.914494 0.555429 0.913461 0.552952 0.938913
0 0.126492 0.983063 0.143711 0.965496 0.135603 0.957549 0.118384 0.975116
0 0.544123 0.937941 0.548119 0.912889 0.537021 0.911118 0.533025 0.936171
0 0.073783 0.792492 0.084746 0.790625 0.074779 0.732113 0.063816 0.733981
0 0.075549 0.997462 0.077703 0.973711 0.062220 0.972307 0.060066 0.996057
0 0.516445 0.993447 0.525620 0.967629 0.514885 0.963814 0.505710 0.989632
