0 0.484794 0.075448 0.496369 0.058300 0.444320 0.023164 0.432744 0.040311
0 0.497975 0.561250 0.524201 0.533733 0.512416 0.522500 0.486189 0.550017
0 0.562389 0.522357 0.594537 0.497147 0.584717 0.484625 0.552569 0.509835
0 0.292307 0.412352 0.301790 0.395797 0.248317 0.365165 0.238833 0.381719
0 0.331071 0.336245 0.340156 0.319501 0.292133 0.293445 0.283048 0.310189
0 0.449753 0.080623 0.458482 0.067304 0.417051 0.040153 0.408322 0.053473
0 0.450020 0.133037 0.458693 0.116905 0.404213 0.087615 0.395540 0.103747
0 0.822373 0.125937 0.841663 0.085395 0.826446 0.078155 0.807156 0.118697
0 0.913474 0.245580 0.965442 0.159528 0.759104 0.034916 0.707135 0.120968
0 0.754506 0.162224 0.779915 0.114303 0.762520 0.105080 0.737110 0.153000
0 0.393974 0.234837 0.403160 0.219349 0.355978 0.191362 0.346791 0.206850
0 0.802348 0.115650 0.822162 0.074211 0.807072 0.066995 0.787258 0.108435
0 0.509918 0.037917 0.518282 0.023837 0.471050 0.000000 0.462685 0.009858
0 0.763218 0.095757 0.789640 0.050675 0.775072 0.042137 0.748651 0.087219
0 0.919867 0.041743 0.973547 0.010476 0.964306 0.000000 0.910625 0.025877
0 0.430235 0.146570 0.438514 0.132151 0.397045 0.108340 0.388766 0.122759
0 0.364489 0.270761 0.373513 0.255284 0.329875 0.229840 0.320851 0.245316
0 0.850734 0.360450 0.865462 0.359518 0.862886 0.318800 0.848158 0.319732
0 0.371161 0.248786 0.378706 0.235055 0.340293 0.213948 0.332748 0.227679
0 0.847174 0.205934 0.870246 0.165068 0.856894 0.157530 0.833822 0.198397
0 0.906073 0.305126 0.920500 0.304299 0.918125 0.262861 0.903698 0.263687
0 0.867750 0.214068 0.888404 0.178897 0.876894 0.172138 0.856241 0.207310
0 0.321283 0.356392 0.329775 0.340795 0.280715 0.314081 0.272222 0.329678
0 0.664086 0.439548 0.700519 0.410848 0.689068 0.396312 0.652635 0.425011
0 0.587207 0.469528 0.618044 0.445943 0.607515 0.432176 0.576678 0.455761
0 0.537790 0.584529 0.571426 0.568293 0.564489 0.553922 0.530853 0.570159
0 0.834768 0.192357 0.855239 0.157786 0.843182 0.150646 0.822710 0.185217
0 0.314170 0.390471 0.324503 0.370529 0.260229 0.337227 0.249897 0.357169
0 0.128671 0.655143 0.149620 0.619857 0.087465 0.582956 0.066517 0.618242
0 0.361957 0.870648 0.389024 0.849172 0.380331 0.838215 0.353263 0.859691
0 0.709575 0.144697 0.742799 0.087370 0.724992 0.077049 0.691768 0.134376
0 0.888295 0.345622 0.901073 0.344643 0.898712 0.313816 0.885935 0.314795
0 0.260310 0.462581 0.269773 0.444146 0.212312 0.414650 0.202849 0.433086
0 0.350480 0.290217 0.358385 0.275171 0.318888 0.254420 0.310983 0.269466
0 0.405639 0.184903 0.412568 0.170008 0.372358 0.151301 0.365429 0.166196
0 0.831197 0.365099 0.848396 0.363923 0.845275 0.318260 0.828075 0.319436
0 0.737494 0.147766 0.757396 0.105620 0.742683 0.098672 0.722781 0.140818
0 0.788795 0.310900 0.807484 0.309445 0.803006 0.251931 0.784317 0.253386
0 0.643901 0.324288 0.671921 0.285640 0.657043 0.274854 0.629023 0.313502
0 0.905683 0.174469 0.911193 0.164087 0.881962 0.148575 0.876453 0.158957
0 0.872523 0.151330 0.902959 0.129625 0.894913 0.118344 0.864478 0.140049
0 0.777264 0.361098 0.993840 0.343822 0.986844 0.256128 0.770269 0.273405
0 0.922536 0.304526 0.935992 0.303559 0.933245 0.265311 0.919788 0.266278
0 0.919656 0.339547 0.931210 0.338729 0.929341 0.312332 0.917787 0.313150
0 0.908520 0.226461 0.924705 0.197020 0.913337 0.190770 0.897151 0.220212
0 0.189997 0.552984 0.203219 0.530564 0.124309 0.484028 0.111087 0.506448
0 0.384683 0.821276 0.409515 0.801608 0.401365 0.791318 0.376533 0.810986
0 0.982276 0.152949 1.000000 0.134741 0.998458 0.123611 0.973993 0.141819
0 0.892586 0.109341 0.934035 0.086023 0.925873 0.071514 0.884423 0.094832
0 0.950712 0.071275 0.984919 0.052619 0.977703 0.039389 0.943497 0.058045
0 0.678312 0.262837 0.701399 0.221811 0.685436 0.212828 0.662350 0.253854
0 0.852097 0.140509 0.878880 0.120209 0.871064 0.109898 0.844282 0.130199
0 0.617720 0.563131 0.650725 0.534673 0.640392 0.522690 0.607387 0.551147
0 0.396244 0.207128 0.404028 0.194960 0.376089 0.177086 0.368305 0.189254
0 0.597338 0.625113 0.615735 0.594157 0.604270 0.587343 0.585873 0.618300
0 0.620368 0.402170 0.643888 0.372290 0.630373 0.361651 0.606852 0.391531
0 0.514412 0.646617 0.542761 0.622893 0.534298 0.612780 0.505949 0.636504
0 0.994570 0.175277 1.000000 0.161819 0.997574 0.150745 0.983772 0.164203
0 0.349952 0.935247 0.361159 0.907767 0.348980 0.902800 0.337773 0.930280
0 0.939486 0.306768 0.951342 0.306127 0.949605 0.273994 0.937748 0.274635
0 0.561923 0.300540 0.587754 0.254049 0.570840 0.244652 0.545009 0.291142
0 0.264104 0.836748 0.294244 0.821319 0.288265 0.809639 0.258125 0.825068
0 0.940477 0.194563 0.946329 0.183174 0.915938 0.167557 0.910086 0.178946
0 0.511010 0.509945 0.531823 0.486686 0.523134 0.478911 0.502321 0.502170
0 0.282745 0.786648 0.308434 0.770141 0.301637 0.759563 0.275948 0.776070
0 0.431499 0.394306 0.449723 0.364612 0.437977 0.357403 0.419753 0.387097
0 0.767356 0.293651 0.781763 0.292563 0.778750 0.252692 0.764342 0.253781
0 0.562593 0.665431 0.586107 0.646444 0.578201 0.636653 0.554687 0.655640
0 0.225078 0.470000 0.231175 0.455639 0.191482 0.438786 0.185385 0.453147
0 0.451472 0.798134 0.471230 0.774223 0.461760 0.766398 0.442003 0.790309
0 0.085605 0.704869 0.092291 0.690338 0.051579 0.671604 0.044892 0.686135
0 0.791966 0.364069 0.806201 0.362989 0.803251 0.324112 0.789016 0.325192
0 0.352274 0.757472 0.378249 0.741949 0.372139 0.731724 0.346163 0.747247
0 0.999856 0.302853 0.999541 0.290968 0.967703 0.291813 0.968018 0.303697
0 0.819933 0.499490 0.841920 0.477544 0.833653 0.469262 0.811666 0.491207
0 0.326479 0.685389 0.348767 0.665893 0.340562 0.656514 0.318274 0.676010
0 0.914261 0.123140 0.946558 0.103643 0.939007 0.091134 0.906710 0.110630
0 0.325951 0.981829 0.343681 0.961702 0.333866 0.953057 0.316137 0.973184
0 0.856751 0.309410 0.856110 0.264071 0.838690 0.264318 0.839331 0.309657
0 0.064017 0.735641 0.073800 0.719541 0.030607 0.693293 0.020824 0.709393
0 0.271413 0.052464 0.280792 0.036328 0.236993 0.010870 0.227614 0.027006
0 0.964817 0.299269 0.965442 0.278235 0.954252 0.277902 0.953627 0.298936
0 0.463640 0.238924 0.489522 0.219624 0.481029 0.208235 0.455146 0.227535
0 0.215161 0.816063 0.240951 0.798601 0.233706 0.787900 0.207916 0.805362
0 0.621065 0.682827 0.647909 0.665269 0.640825 0.654439 0.613981 0.671997
0 0.980801 0.130091 1.000000 0.118374 0.994755 0.108552 0.974981 0.120269
0 0.222120 0.522656 0.243911 0.484709 0.156170 0.434324 0.134379 0.472271
0 0.393574 0.658897 0.413896 0.648252 0.409263 0.639406 0.388941 0.650051
0 0.933224 0.336378 0.943470 0.335320 0.940996 0.311368 0.930750 0.312426
0 0.873466 0.031971 0.886168 0.030585 0.883297 0.004291 0.870596 0.005677
0 0.240644 0.878939 0.269532 0.865624 0.263982 0.853582 0.235093 0.866897
0 1.000000 0.263821 1.000000 0.254222 0.986326 0.251524 0.984693 0.261122
0 0.609391 0.072993 0.624060 0.054598 0.614296 0.046812 0.599627 0.065206
0 0.197697 0.978871 0.221888 0.966753 0.215760 0.954520 0.191569 0.966638
0 0.038491 0.931666 0.061092 0.903955 0.050468 0.895290 0.027866 0.923001
0 0.196245 0.499362 0.202116 0.489097 0.178028 0.475320 0.172157 0.485585
0 0.111084 0.943336 0.142358 0.914864 0.133368 0.904990 0.102094 0.933462
0 0.172722 0.568697 0.180191 0.556643 0.150391 0.538178 0.142922 0.550231
0 0.985288 0.078913 1.000000 0.063327 0.997871 0.051712 0.976726 0.067298
0 0.521310 0.007591 0.521333 0.000000 0.506000 0.000000 0.505977 0.007546
0 0.089812 0.692506 0.096175 0.679586 0.046645 0.655190 0.040282 0.668110
0 0.966253 0.324307 0.976830 0.316428 0.969938 0.307177 0.959361 0.315056
0 0.430034 0.909237 0.476473 0.895871 0.471857 0.879835 0.425419 0.893201
0 0.075319 0.997658 0.078321 0.973242 0.062905 0.971347 0.059904 0.995763
0 0.999497 0.273108 1.000000 0.263689 0.981411 0.260351 0.979814 0.269770
0 0.192133 0.442099 0.208917 0.416825 0.198699 0.410040 0.181916 0.435314
0 0.750340 0.366991 0.787967 0.363967 0.782474 0.295614 0.744846 0.298638
0 0.964289 0.097109 1.000000 0.032193 0.953530 0.000000 0.897310 0.039103
0 0.269799 0.449683 0.534651 0.000000 0.472903 0.000000 0.208051 0.414454
0 0.997330 0.182825 1.000000 0.108049 0.965436 0.106380 0.961911 0.181156
0 0.179359 0.569469 0.203396 0.527276 0.119516 0.479489 0.095479 0.521681
0 0.139192 0.657016 0.159939 0.626370 0.147892 0.618214 0.127144 0.648860
