0 0.561964 0.515667 0.569187 0.502707 0.537100 0.484823 0.529877 0.497783
0 0.634972 0.485277 0.642573 0.475560 0.617065 0.455608 0.609464 0.465326
0 0.414907 0.479681 0.424920 0.472270 0.407687 0.448982 0.397673 0.456393
0 0.626717 0.538863 0.635792 0.528771 0.609572 0.505194 0.600497 0.515287
0 0.696529 0.555398 0.703481 0.546356 0.680900 0.528993 0.673947 0.538035
0 0.635760 0.329134 0.639604 0.320061 0.616095 0.310102 0.612252 0.319174
0 0.591459 0.653023 0.599028 0.642499 0.571654 0.622810 0.564084 0.633334
0 0.458700 0.335286 0.462919 0.327597 0.445336 0.317951 0.441117 0.325640
0 0.436954 0.770019 0.443314 0.764531 0.430774 0.749996 0.424413 0.755484
0 0.774747 0.498016 0.784817 0.489890 0.763647 0.463657 0.753578 0.471784
0 0.456413 0.853106 0.464178 0.849650 0.456061 0.831416 0.448296 0.834873
0 0.351342 0.245302 0.372613 0.240369 0.370727 0.232236 0.349456 0.237169
0 0.887234 0.846558 0.896346 0.841616 0.884845 0.820410 0.875733 0.825352
0 0.497900 0.338193 0.522216 0.331650 0.519056 0.319906 0.494740 0.326450
0 0.947641 0.812861 0.948969 0.804268 0.929348 0.801237 0.928021 0.809830
0 0.665088 0.409741 0.672685 0.399493 0.651023 0.383434 0.643425 0.393682
0 0.418726 0.296269 0.418812 0.287805 0.398615 0.287600 0.398529 0.296063
0 0.855074 0.295994 0.884323 0.292324 0.882800 0.280187 0.853552 0.283857
0 0.790636 0.700872 0.794122 0.688402 0.759363 0.678686 0.755877 0.691156
0 0.376884 0.345778 0.382799 0.339479 0.368851 0.326381 0.362936 0.332680
0 0.738711 0.829384 0.749948 0.818194 0.711529 0.779611 0.700292 0.790801
0 0.959501 0.699706 0.963487 0.691946 0.945978 0.682953 0.941992 0.690713
0 0.428271 0.616508 0.455284 0.613677 0.453964 0.601085 0.426951 0.603917
0 0.560543 0.279133 0.566332 0.272344 0.552063 0.260178 0.546275 0.266967
0 0.372065 0.302152 0.376078 0.294931 0.359654 0.285802 0.355640 0.293023
0 0.426499 0.390794 0.432553 0.384881 0.418123 0.370107 0.412069 0.376020
0 0.992221 0.864889 0.994507 0.858501 0.978572 0.852798 0.976286 0.859186
0 0.426563 0.429857 0.431651 0.422862 0.414931 0.410699 0.409842 0.417694
0 0.604331 0.815729 0.617892 0.807257 0.590943 0.764117 0.577381 0.772589
0 0.999298 0.304341 1.000000 0.293213 0.980351 0.288041 0.977687 0.299169
0 0.449155 0.812180 0.455681 0.806318 0.442707 0.791877 0.436181 0.797740
0 0.485934 0.891528 0.492596 0.885699 0.479457 0.870684 0.472795 0.876513
0 0.932886 0.290679 0.955989 0.257735 0.941251 0.247399 0.918147 0.280343
0 0.246449 0.397728 0.275437 0.394045 0.273898 0.381936 0.244910 0.385618
0 0.783331 0.995235 0.783831 0.981435 0.775969 0.981150 0.775469 0.994950
0 0.900425 0.589725 0.903608 0.577028 0.875335 0.569941 0.872152 0.582638
0 0.505511 0.284486 0.505616 0.276143 0.486992 0.275910 0.486888 0.284253
0 0.996455 0.962215 1.000000 0.931202 0.997532 0.922133 0.980214 0.953146
0 0.234800 0.398984 0.285751 0.387998 0.258338 0.260868 0.207388 0.271854
0 0.521872 0.915352 0.526860 0.908825 0.512086 0.897534 0.507098 0.904062
0 0.885605 0.638573 0.891182 0.628769 0.856447 0.609008 0.850870 0.618812
0 0.886487 0.995489 0.886500 0.984660 0.879231 0.984651 0.879218 0.995480
0 0.835444 0.995396 0.835557 0.985053 0.829163 0.984982 0.829050 0.995326
0 0.773731 0.995016 0.774126 0.981826 0.766318 0.981592 0.765922 0.994782
0 0.867459 0.995616 0.867970 0.984483 0.861107 0.984168 0.860596 0.995301
0 0.974272 0.997931 0.975461 0.985069 0.966990 0.984286 0.965801 0.997147
0 0.858626 0.994766 0.859345 0.982566 0.854135 0.982259 0.853416 0.994459
0 0.847596 0.483214 0.852408 0.476806 0.839331 0.466988 0.834520 0.473396
0 0.797212 0.995744 0.797519 0.981841 0.789664 0.981667 0.789357 0.995570
0 0.851239 0.995048 0.851596 0.982231 0.846418 0.982087 0.846061 0.994904
0 0.817940 0.995090 0.818137 0.984285 0.811846 0.984170 0.811649 0.994975
0 0.869260 0.995235 0.869640 0.984928 0.862919 0.984680 0.862540 0.994987
0 0.764121 0.994995 0.764736 0.981874 0.757400 0.981531 0.756785 0.994651
0 0.938819 0.290738 0.958807 0.260504 0.945795 0.251902 0.925807 0.282136
0 0.268359 0.355690 0.272854 0.348870 0.253710 0.336255 0.249216 0.343076
0 0.649791 0.698106 0.663237 0.694769 0.661586 0.688115 0.648140 0.691452
0 0.826976 0.995157 0.827061 0.984955 0.821395 0.984908 0.821310 0.995110
0 0.239466 0.281833 0.256855 0.278486 0.255393 0.270887 0.238004 0.274234
0 0.996729 0.996136 0.997941 0.986555 0.989532 0.985491 0.988320 0.995072
0 0.964448 0.996253 0.965417 0.985235 0.956710 0.984469 0.955741 0.995487
0 0.914561 0.996298 0.914824 0.984306 0.906811 0.984130 0.906548 0.996123
0 0.986719 0.996340 0.987799 0.984369 0.979453 0.983616 0.978374 0.995588
0 0.704824 0.997727 0.704961 0.984755 0.697061 0.984672 0.696924 0.997644
0 0.879181 0.931870 0.886372 0.923925 0.868400 0.907658 0.861209 0.915602
0 0.715400 0.995646 0.715777 0.985185 0.707302 0.984880 0.706925 0.995341
0 0.241543 0.288630 0.255653 0.286060 0.254294 0.278602 0.240184 0.281172
0 0.924136 0.995855 0.924314 0.984134 0.916374 0.984013 0.916196 0.995735
0 0.755683 0.994917 0.756293 0.982179 0.747924 0.981779 0.747314 0.994516
0 0.808137 0.995337 0.808188 0.983237 0.802659 0.983214 0.802608 0.995314
0 0.244142 0.296479 0.256966 0.294307 0.255771 0.287249 0.242947 0.289421
0 0.951228 0.995800 0.951872 0.984612 0.944103 0.984165 0.943459 0.995354
0 0.957103 0.204008 0.970529 0.196815 0.967337 0.190857 0.953911 0.198050
