0 0.908619 0.419009 0.942813 0.394328 0.842975 0.256010 0.808781 0.280691
0 0.580531 0.437061 0.620212 0.245860 0.580001 0.237515 0.540320 0.428716
0 0.765492 0.471280 0.770547 0.296645 0.743596 0.295864 0.738541 0.470500
0 0.402559 0.413761 0.402618 0.223877 0.372682 0.223868 0.372623 0.413752
0 0.532655 0.033908 0.543608 0.011578 0.532742 0.006248 0.521789 0.028578
0 0.691276 0.467936 0.714639 0.467257 0.709938 0.305493 0.686574 0.306172
0 0.950464 0.086861 0.970429 0.082948 0.968619 0.073712 0.948654 0.077624
0 0.842934 0.087919 0.862651 0.077617 0.857696 0.068133 0.837979 0.078435
0 0.657032 0.105621 0.687789 0.095487 0.683726 0.083157 0.652969 0.093291
0 0.492919 0.121885 0.527070 0.103875 0.520056 0.090576 0.485905 0.108585
0 0.722446 0.122904 0.749045 0.113854 0.744676 0.101011 0.718076 0.110061
0 0.677614 0.184113 0.697454 0.176721 0.693943 0.167300 0.674104 0.174692
