0 0.821983 0.825366 0.841127 0.785459 0.826162 0.778279 0.807017 0.818186
0 0.483923 0.774816 0.495404 0.757992 0.443822 0.722792 0.432341 0.739616
0 0.859298 0.484700 0.894518 0.408509 0.872223 0.398203 0.837003 0.474394
0 0.767634 0.280289 0.786148 0.241325 0.771315 0.234277 0.752801 0.273242
0 0.891692 0.489013 0.919636 0.419494 0.897973 0.410786 0.870029 0.480306
0 0.921838 0.410767 0.950724 0.351357 0.929759 0.341163 0.900873 0.400573
0 0.807759 0.142742 0.822663 0.100183 0.806440 0.094501 0.791535 0.137061
0 0.449262 0.832692 0.458080 0.816319 0.402990 0.786649 0.394172 0.803023
0 0.718634 0.390382 0.735363 0.355422 0.724112 0.350038 0.707383 0.384998
0 0.546009 0.667034 0.553508 0.649097 0.495977 0.625047 0.488479 0.642983
0 0.753576 0.862181 0.779577 0.814349 0.762904 0.805286 0.736904 0.853118
0 0.763933 0.795130 0.789265 0.750196 0.774843 0.742066 0.749512 0.787000
0 0.598153 0.550547 0.606194 0.532368 0.543072 0.504448 0.535031 0.522627
0 0.976342 0.431685 0.991898 0.386619 0.976674 0.381364 0.961119 0.426431
0 0.674088 0.496749 0.687152 0.467136 0.675608 0.462044 0.662544 0.491657
0 0.834810 0.892525 0.854720 0.857675 0.842587 0.850743 0.822676 0.885593
0 0.364534 0.971235 0.373732 0.955507 0.330382 0.930156 0.321184 0.945884
0 0.921046 0.488102 0.942916 0.434847 0.923414 0.426838 0.901544 0.480094
0 0.638230 0.604804 0.645513 0.588489 0.593886 0.565446 0.586604 0.581761
0 0.643934 0.434545 0.657811 0.402240 0.645635 0.397010 0.631759 0.429315
0 0.801875 0.815988 0.822317 0.774240 0.807072 0.766776 0.786630 0.808524
0 0.519087 0.707982 0.527821 0.692348 0.486941 0.669510 0.478207 0.685144
0 0.759703 0.180915 0.777347 0.140889 0.761850 0.134058 0.744205 0.174084
0 0.734829 0.113297 0.752122 0.074944 0.739146 0.069093 0.721853 0.107446
0 0.711806 0.250558 0.730475 0.211271 0.715498 0.204153 0.696828 0.243441
0 0.750255 0.321678 0.769008 0.282228 0.753868 0.275031 0.735114 0.314481
0 0.709368 0.844682 0.743450 0.786465 0.726016 0.776259 0.691934 0.834476
0 0.611165 0.422749 0.623862 0.394175 0.612311 0.389042 0.599614 0.417616
0 0.559335 0.643598 0.568369 0.623093 0.498535 0.592328 0.489502 0.612833
0 0.608438 0.620420 0.615071 0.604913 0.570677 0.585924 0.564044 0.601431
0 0.868196 0.913795 0.888053 0.879441 0.876649 0.872849 0.856792 0.907203
0 0.654574 0.492562 0.668795 0.459808 0.656393 0.454423 0.642172 0.487177
0 0.736605 0.848077 0.757451 0.805656 0.742752 0.798433 0.721906 0.840854
0 0.450593 0.781021 0.459220 0.767727 0.416991 0.740320 0.408363 0.753613
0 0.562076 0.575320 0.568297 0.560308 0.522667 0.541400 0.516446 0.556412
0 0.709600 0.374646 0.721695 0.348980 0.710994 0.343937 0.698899 0.369604
0 0.908067 0.926719 0.924358 0.897597 0.913295 0.891409 0.897004 0.920531
0 0.672498 0.446315 0.683325 0.416852 0.672161 0.412750 0.661335 0.442214
0 0.847140 0.906221 0.870061 0.865459 0.856654 0.857921 0.833733 0.898683
0 0.967835 0.492008 0.987402 0.451135 0.972997 0.444239 0.953431 0.485112
0 0.637397 0.488217 0.651634 0.452523 0.638217 0.447172 0.623980 0.482866
0 0.735161 0.310284 0.749458 0.280709 0.737746 0.275048 0.723449 0.304623
0 0.680641 0.239143 0.698738 0.202001 0.686244 0.195913 0.668146 0.233055
0 0.951798 0.484661 0.972795 0.442916 0.957625 0.435286 0.936628 0.477030
0 0.803049 0.195159 0.822540 0.153316 0.808107 0.146593 0.788616 0.188435
0 0.705739 0.298022 0.721397 0.268839 0.709794 0.262613 0.694135 0.291796
0 0.594186 0.416849 0.607757 0.388476 0.597179 0.383416 0.583608 0.411789
0 0.577322 0.467941 0.590995 0.429091 0.577691 0.424408 0.564018 0.463259
0 0.848380 0.040648 0.865541 0.001694 0.849301 0.000000 0.832141 0.033494
0 0.692500 0.455206 0.705909 0.421104 0.693809 0.416346 0.680400 0.450448
0 0.851415 0.840968 0.879444 0.820226 0.871751 0.809831 0.843722 0.830573
0 0.604797 0.479297 0.623922 0.441182 0.611214 0.434805 0.592089 0.472921
0 0.509004 0.737464 0.517285 0.723333 0.470409 0.695862 0.462128 0.709992
0 0.429982 0.846901 0.438232 0.832271 0.396687 0.808843 0.388437 0.823473
0 0.690907 0.366737 0.704274 0.339789 0.693835 0.334611 0.680468 0.361559
0 0.678069 0.674486 0.700005 0.635038 0.685836 0.627159 0.663900 0.666607
0 0.393473 0.934924 0.402624 0.919518 0.355113 0.891296 0.345962 0.906701
0 0.970402 0.275274 0.990927 0.233629 0.977245 0.226885 0.956719 0.268530
0 0.698908 0.154921 0.717794 0.115644 0.702452 0.108267 0.683566 0.147544
0 0.350296 0.989366 0.357809 0.975179 0.319029 0.954643 0.311517 0.968830
0 0.906568 0.875014 0.912016 0.864473 0.882485 0.849210 0.877037 0.859751
0 0.371248 0.948829 0.378791 0.935077 0.340287 0.913957 0.332744 0.927709
0 0.989208 0.505568 1.000000 0.461270 0.993954 0.454601 0.974231 0.498899
0 0.720749 0.107799 0.735080 0.071325 0.721349 0.065930 0.707018 0.102404
0 0.780593 0.131837 0.794156 0.093300 0.779450 0.088124 0.765886 0.126661
0 0.871853 0.850653 0.904147 0.829846 0.896550 0.818055 0.864256 0.838863
0 0.657932 0.443061 0.670548 0.410083 0.657700 0.405168 0.645084 0.438146
0 0.920168 0.741909 0.974567 0.710009 0.964949 0.693608 0.910550 0.725508
0 0.792423 0.176961 0.804416 0.151727 0.793119 0.146358 0.781126 0.171592
0 0.566566 0.506052 0.571253 0.495181 0.542619 0.482835 0.537932 0.493706
0 0.955468 0.609877 0.960266 0.594649 0.914886 0.580349 0.910087 0.595577
0 0.621942 0.484520 0.637326 0.448024 0.625160 0.442896 0.609776 0.479391
0 0.892950 0.809925 0.933965 0.786234 0.925461 0.771512 0.884447 0.795202
0 0.591363 0.472292 0.607331 0.436125 0.594742 0.430567 0.578774 0.466734
0 0.646454 0.279075 0.662984 0.245269 0.650178 0.239007 0.633649 0.272813
0 0.562173 0.451950 0.572858 0.422831 0.561403 0.418628 0.550718 0.447746
0 0.581015 0.401306 0.592670 0.375093 0.582691 0.370656 0.571036 0.396869
0 0.692944 0.291564 0.709633 0.259541 0.697672 0.253308 0.680984 0.285332
0 0.763836 0.126467 0.775880 0.094098 0.763137 0.089357 0.751093 0.121726
0 0.549105 0.593981 0.555547 0.580621 0.519464 0.563223 0.513022 0.576582
0 0.920953 0.189013 0.943807 0.144779 0.926338 0.135754 0.903485 0.179988
0 0.724396 0.257811 0.740220 0.225255 0.729064 0.219833 0.713241 0.252389
0 0.662199 0.281356 0.677712 0.249589 0.666005 0.243872 0.650492 0.275639
0 0.405124 0.884538 0.412004 0.869738 0.371636 0.850972 0.364756 0.865772
0 0.940862 0.893445 0.946107 0.882563 0.915363 0.867745 0.910118 0.878627
0 0.950399 0.771025 0.983782 0.752691 0.976788 0.739955 0.943405 0.758289
0 0.597837 0.520740 0.601925 0.508418 0.571060 0.498178 0.566972 0.510500
0 0.910959 0.572263 0.916747 0.557531 0.870412 0.539325 0.864623 0.554056
0 0.915639 0.946920 0.967683 0.863411 0.763108 0.735917 0.711064 0.819427
0 0.982676 0.853072 1.000000 0.835336 0.998469 0.824328 0.974523 0.842064
0 0.994159 0.876514 1.000000 0.862505 0.997744 0.850853 0.983050 0.864863
0 0.639939 0.364167 0.644876 0.352947 0.612478 0.338692 0.607542 0.349912
0 0.678497 0.361879 0.688372 0.339516 0.677661 0.334787 0.667787 0.357150
0 0.397178 0.907690 0.404701 0.895838 0.376146 0.877714 0.368623 0.889566
0 0.820538 0.152541 0.834831 0.116089 0.820945 0.110644 0.806652 0.147096
0 0.648729 0.346832 0.660606 0.320470 0.650424 0.315883 0.638547 0.342245
0 0.914404 0.823804 0.947228 0.804014 0.939719 0.791561 0.906895 0.811350
0 0.929758 0.665105 0.943023 0.663898 0.940106 0.631830 0.926840 0.633037
0 0.980322 0.830423 1.000000 0.818058 0.993982 0.808139 0.974141 0.820504
0 0.618624 0.332852 0.629168 0.310292 0.619296 0.305678 0.608753 0.328238
0 0.678244 0.961811 0.700870 0.922286 0.685001 0.913202 0.662375 0.952727
0 0.897024 0.589666 0.902366 0.575927 0.866973 0.562167 0.861632 0.575906
0 0.654638 1.000000 0.671843 0.985488 0.656965 0.975110 0.639760 0.999775
0 0.463966 0.938914 0.489261 0.920064 0.480895 0.908837 0.455599 0.927688
0 1.000000 0.507478 1.000000 0.399310 0.892793 0.357468 0.860690 0.465636
0 0.860833 0.701856 0.972380 0.687759 0.964152 0.622650 0.852605 0.636747
0 0.749020 0.317262 0.784177 0.240629 0.666431 0.186609 0.631273 0.263242
0 0.802638 0.194040 0.833817 0.111957 0.718052 0.067985 0.686874 0.150068
0 0.562742 1.000000 0.587308 0.953713 0.570292 0.944731 0.545726 0.991272
0 0.778466 0.981551 0.778934 0.952911 0.766649 0.952711 0.766181 0.981351
0 0.999790 0.283332 1.000000 0.242241 0.990584 0.239026 0.982806 0.280117
0 0.715886 0.387197 0.730791 0.354518 0.619218 0.303631 0.604314 0.336310
0 0.999805 0.221565 1.000000 0.179469 0.995189 0.172388 0.980079 0.214484
0 0.609425 0.772880 0.623753 0.754151 0.614132 0.746791 0.599804 0.765521
0 0.999626 0.962895 1.000000 0.954056 0.984745 0.951739 0.983477 0.960577
0 0.674120 0.503303 0.706069 0.422418 0.578282 0.371942 0.546333 0.452826
0 1.000000 0.973598 1.000000 0.964147 0.980470 0.961346 0.979200 0.970797
0 0.271119 0.752874 0.281101 0.736080 0.235843 0.709178 0.225860 0.725972
0 0.873661 0.732566 0.885578 0.731174 0.882442 0.704334 0.870525 0.705727
0 0.974223 0.998536 0.975505 0.984679 0.967045 0.983897 0.965763 0.997753
0 0.996862 0.996507 0.997814 0.986729 0.989551 0.985924 0.988599 0.995702
0 0.774645 0.995585 0.774939 0.980021 0.766607 0.979864 0.766313 0.995427
0 0.916222 0.996875 0.917186 0.967877 0.905995 0.967505 0.905031 0.996503
0 0.997769 0.277085 1.000000 0.160992 0.950382 0.159667 0.947332 0.275760
0 0.964216 0.996946 0.965062 0.983440 0.956199 0.982884 0.955352 0.996391
0 0.463008 0.567619 0.467131 0.559026 0.448892 0.550275 0.444769 0.558868
0 0.802246 0.982566 0.801354 0.952332 0.786384 0.952774 0.787277 0.983008
0 0.783787 0.995731 0.783968 0.981682 0.775845 0.981577 0.775663 0.995626
0 0.705416 0.998128 0.705599 0.984458 0.696855 0.984340 0.696671 0.998010
0 0.764279 0.995750 0.764879 0.981691 0.757152 0.981361 0.756552 0.995421
0 0.986880 0.996478 0.987843 0.984377 0.979397 0.983706 0.978434 0.995807
0 0.985981 0.778429 1.000000 0.764604 0.997677 0.752823 0.977791 0.766648
0 0.931645 0.996979 0.932485 0.970363 0.919564 0.969955 0.918724 0.996571
0 0.715871 0.995808 0.716167 0.984711 0.706737 0.984459 0.706442 0.995557
0 0.886755 0.996140 0.886917 0.984125 0.879254 0.984023 0.879093 0.996037
0 0.899139 0.845402 0.899974 0.822695 0.874435 0.821756 0.873600 0.844463
0 0.927325 0.996883 0.928039 0.974968 0.916813 0.974602 0.916099 0.996518
0 0.498152 0.668797 0.503457 0.659843 0.485633 0.649283 0.480328 0.658238
0 0.998369 0.880050 1.000000 0.806451 0.963400 0.805635 0.961761 0.879234
0 0.880890 0.041710 0.881487 0.002509 0.778706 0.000945 0.778109 0.040146
0 0.798595 0.997501 0.798323 0.981116 0.788651 0.981277 0.788923 0.997661
0 0.728095 0.997703 0.728244 0.984148 0.717888 0.984033 0.717738 0.997589
0 0.952166 0.996579 0.952615 0.981467 0.943050 0.981183 0.942601 0.996295
0 0.259788 0.573675 0.270304 0.545871 0.259515 0.541791 0.248999 0.569595
0 0.755725 0.995821 0.756133 0.981805 0.747159 0.981543 0.746751 0.995559
0 1.000000 0.504115 1.000000 0.483356 0.993466 0.482795 0.992067 0.503554
