0 0.752133 0.639000 0.777297 0.591423 0.757638 0.581025 0.732473 0.628602
0 0.002154 0.103486 0.076710 0.086357 0.066443 0.041668 0.000000 0.058797
0 0.022874 0.542779 0.029747 0.519926 0.019291 0.516782 0.012418 0.539635
0 0.208628 0.031441 0.219827 0.025613 0.206719 0.000426 0.195520 0.006254
0 0.088555 0.748803 0.098178 0.637213 0.002420 0.628954 0.000000 0.740544
0 0.565596 0.448216 0.601865 0.412129 0.587987 0.398181 0.551718 0.434269
0 0.105163 0.882430 0.154797 0.871203 0.150304 0.851339 0.100670 0.862566
0 0.338126 0.099294 0.359137 0.096194 0.350319 0.036429 0.329308 0.039529
0 0.126499 0.375025 0.144286 0.353533 0.042372 0.269186 0.024585 0.290678
0 0.541584 0.666019 0.579850 0.639419 0.569426 0.624423 0.531160 0.651022
0 0.258422 0.481210 0.295709 0.454222 0.284465 0.438686 0.247177 0.465674
0 0.242735 1.000000 0.242669 0.986407 0.208952 0.986561 0.209018 1.000000
0 0.092961 0.212954 0.170388 0.187378 0.145141 0.110947 0.067714 0.136523
0 0.783065 0.995205 0.783560 0.981632 0.776000 0.981357 0.775505 0.994929
0 0.028328 0.561909 0.063859 0.421708 0.050725 0.418380 0.015195 0.558581
0 0.045131 0.443840 0.051381 0.421652 0.040837 0.418682 0.034587 0.440870
0 0.797011 0.995597 0.797352 0.982034 0.789851 0.981846 0.789511 0.995408
0 0.177966 0.537099 0.213863 0.502361 0.200844 0.488908 0.164947 0.523646
0 0.773733 0.995173 0.774148 0.982328 0.766321 0.982075 0.765906 0.994920
0 0.818353 0.775939 0.853391 0.744692 0.841134 0.730948 0.806096 0.762195
0 0.835351 0.995299 0.835491 0.985340 0.829247 0.985252 0.829107 0.995211
0 0.817984 0.994830 0.818208 0.984535 0.811776 0.984395 0.811552 0.994690
0 0.475444 0.793898 0.483812 0.782150 0.477789 0.777860 0.469421 0.789608
0 0.764310 0.995071 0.764893 0.982185 0.757334 0.981844 0.756751 0.994730
0 0.258254 0.065983 0.270919 0.063070 0.264585 0.035526 0.251920 0.038439
0 0.642963 0.460592 0.670791 0.424554 0.657155 0.414025 0.629327 0.450063
0 0.851190 0.994936 0.851537 0.982234 0.846482 0.982096 0.846135 0.994798
0 0.007672 0.554124 0.008423 0.544317 0.000000 0.543639 0.000000 0.553446
0 0.858411 0.994514 0.859121 0.982756 0.854066 0.982450 0.853355 0.994208
0 0.715291 0.995678 0.715903 0.985320 0.707454 0.984820 0.706841 0.995178
0 0.886428 0.995312 0.886454 0.984610 0.879441 0.984593 0.879416 0.995295
0 0.867353 0.995253 0.867874 0.984750 0.861243 0.984421 0.860722 0.994924
0 0.079513 0.685677 0.085847 0.640799 0.069985 0.638560 0.063651 0.683438
0 0.023399 0.498073 0.036686 0.485155 0.029923 0.478198 0.016636 0.491116
0 0.437962 0.153847 0.497875 0.147844 0.484855 0.017904 0.424942 0.023907
0 0.914318 0.995525 0.914678 0.984175 0.906973 0.983931 0.906613 0.995281
0 0.704767 0.997692 0.704948 0.984982 0.696963 0.984868 0.696782 0.997578
0 0.322730 0.105622 0.340552 0.101557 0.329393 0.052640 0.311571 0.056706
0 0.755714 0.995330 0.756151 0.982104 0.747385 0.981814 0.746948 0.995040
