0 0.914974 0.439535 1.000000 0.421633 0.991556 0.282652 0.890382 0.300554
0 0.783130 0.995158 0.783615 0.981575 0.776005 0.981303 0.775521 0.994886
0 0.797057 0.995656 0.797344 0.981914 0.789787 0.981756 0.789499 0.995498
0 0.773745 0.995126 0.774110 0.982102 0.766351 0.981884 0.765985 0.994908
0 0.851130 0.994944 0.851482 0.982310 0.846483 0.982171 0.846131 0.994805
0 0.715423 0.995698 0.715935 0.984977 0.707232 0.984561 0.706719 0.995282
0 0.835306 0.995235 0.835472 0.985296 0.829268 0.985192 0.829101 0.995131
0 0.764278 0.995092 0.764842 0.982038 0.757368 0.981715 0.756803 0.994769
0 0.818021 0.994785 0.818179 0.984099 0.811678 0.984003 0.811519 0.994689
0 0.858402 0.994524 0.859106 0.982786 0.854116 0.982486 0.853411 0.994224
0 0.867205 0.995221 0.867737 0.984749 0.861262 0.984420 0.860729 0.994892
0 0.886379 0.995384 0.886457 0.984574 0.879715 0.984525 0.879637 0.995336
0 0.704852 0.997737 0.705035 0.984729 0.697035 0.984617 0.696852 0.997625
0 0.745728 0.995648 0.746943 0.982813 0.735376 0.981718 0.734161 0.994553
