0 0.569113 0.465200 0.569342 0.454781 0.489541 0.453025 0.489311 0.463444
0 0.517334 0.065896 0.595846 0.064953 0.595707 0.053367 0.517195 0.054310
0 0.783056 0.995172 0.783605 0.981734 0.776030 0.981424 0.775481 0.994863
0 0.349402 0.265769 0.349800 0.255489 0.299109 0.253527 0.298711 0.263807
0 0.773750 0.995151 0.774140 0.982204 0.766293 0.981967 0.765903 0.994914
0 0.425016 0.515962 0.425350 0.504120 0.341478 0.501752 0.341143 0.513595
0 0.764308 0.995069 0.764874 0.982090 0.757334 0.981762 0.756768 0.994740
0 0.796999 0.995465 0.797356 0.981999 0.789896 0.981801 0.789539 0.995267
0 0.419144 0.101820 0.419270 0.092246 0.343193 0.091246 0.343067 0.100820
0 0.835374 0.995331 0.835513 0.985344 0.829254 0.985257 0.829115 0.995244
0 0.715517 0.995618 0.715955 0.985212 0.707277 0.984847 0.706839 0.995252
0 0.818007 0.994823 0.818234 0.984531 0.811662 0.984386 0.811435 0.994678
0 0.706601 0.955610 0.704557 0.937906 0.698901 0.938560 0.700945 0.956263
0 0.851207 0.994855 0.851539 0.982409 0.846523 0.982275 0.846192 0.994721
0 0.496826 0.777378 0.496518 0.764672 0.435850 0.766146 0.436159 0.778853
0 0.745815 0.995741 0.747198 0.982889 0.735443 0.981624 0.734060 0.994476
