0 0.944239 0.093940 0.967262 0.013168 0.927062 0.001709 0.904038 0.082481
0 0.822264 0.445543 0.862059 0.443708 0.858130 0.358486 0.818334 0.360321
0 0.503310 0.708672 0.512621 0.664263 0.397760 0.640181 0.388449 0.684591
0 0.173129 0.346292 0.316902 0.277576 0.299851 0.241901 0.156078 0.310617
0 0.140404 1.000000 0.171895 0.996435 0.143137 0.957159 0.111646 0.980217
0 0.413118 0.878651 0.424437 0.861314 0.317243 0.791331 0.305924 0.808668
0 0.427641 0.566739 0.571343 0.519702 0.563857 0.496831 0.420155 0.543868
0 0.494327 0.756969 0.495870 0.730209 0.363284 0.722561 0.361740 0.749322
0 0.064890 0.616339 0.085269 0.601668 0.078772 0.592642 0.058393 0.607313
0 0.275923 0.535551 0.303739 0.520394 0.297471 0.508893 0.269656 0.524050
0 0.143108 0.787957 0.162779 0.777168 0.157702 0.767913 0.138032 0.778701
0 0.338195 0.580181 0.339217 0.568301 0.312452 0.565999 0.311431 0.577878
0 0.319111 0.704160 0.342724 0.690942 0.336994 0.680707 0.313382 0.693925
0 0.225591 0.682571 0.252494 0.664998 0.245061 0.653618 0.218158 0.671191
