0 0.972651 0.806116 0.974315 0.795896 0.942428 0.790704 0.940764 0.800924
0 0.912274 0.742271 0.912962 0.725899 0.867738 0.723999 0.867050 0.740370
0 0.807761 0.504204 0.810678 0.492456 0.785491 0.486201 0.782574 0.497949
0 0.879749 0.455118 0.881167 0.445215 0.856579 0.441696 0.855161 0.451599
0 0.758404 0.751589 0.765535 0.739448 0.722895 0.714402 0.715764 0.726543
0 0.783435 0.995331 0.783913 0.981387 0.775939 0.981114 0.775462 0.995058
0 0.933785 0.426063 0.941628 0.421419 0.931584 0.404454 0.923741 0.409097
0 0.682847 0.794155 0.684466 0.780256 0.642157 0.775328 0.640538 0.789227
0 0.774041 0.995394 0.774324 0.981842 0.766102 0.981670 0.765819 0.995223
0 0.818983 0.702147 0.830884 0.696834 0.816673 0.665006 0.804773 0.670319
0 0.797122 0.995629 0.797484 0.981885 0.789710 0.981680 0.789348 0.995425
0 0.764494 0.995333 0.764998 0.981700 0.757099 0.981408 0.756596 0.995041
0 0.280527 0.807865 0.304485 0.802301 0.302104 0.792047 0.278145 0.797611
0 0.835389 0.995238 0.835495 0.985186 0.829222 0.985119 0.829116 0.995172
0 0.705090 0.997993 0.705268 0.984659 0.696924 0.984547 0.696746 0.997882
0 0.817990 0.994878 0.818179 0.984517 0.811830 0.984401 0.811641 0.994762
0 0.858500 0.994545 0.859199 0.982747 0.854097 0.982445 0.853398 0.994242
0 0.891634 0.627773 0.901038 0.616604 0.870991 0.591304 0.861587 0.602473
0 0.867430 0.995382 0.867954 0.984730 0.861228 0.984399 0.860704 0.995052
0 0.755833 0.995351 0.756194 0.981873 0.747483 0.981640 0.747122 0.995118
0 0.851161 0.994808 0.851484 0.982229 0.846497 0.982101 0.846175 0.994680
0 0.886448 0.995331 0.886499 0.984661 0.879470 0.984627 0.879418 0.995297
0 0.715427 0.995775 0.715836 0.985143 0.707040 0.984804 0.706631 0.995436
0 0.869333 0.995071 0.869694 0.984881 0.863105 0.984648 0.862744 0.994837
0 0.727914 0.997575 0.728135 0.984416 0.717960 0.984245 0.717739 0.997404
0 0.746120 0.995964 0.747443 0.982726 0.735199 0.981503 0.733876 0.994740
0 0.826873 0.994979 0.826975 0.985086 0.821311 0.985028 0.821209 0.994921
0 0.808063 0.995216 0.808140 0.983311 0.802810 0.983276 0.802733 0.995181
0 0.914128 0.995344 0.914516 0.984440 0.907094 0.984176 0.906707 0.995080
