0 0.470608 0.776183 0.473689 0.739864 0.460506 0.738746 0.457424 0.775065
0 0.418150 0.866673 0.419992 0.840082 0.409242 0.839337 0.407400 0.865929
0 0.558634 0.639057 0.568317 0.622703 0.559822 0.617673 0.550138 0.634027
0 0.638559 0.655841 0.637778 0.634694 0.626364 0.635115 0.627146 0.656262
0 0.565590 0.739153 0.577310 0.738695 0.576152 0.709058 0.564431 0.709516
0 0.715757 0.542642 0.715114 0.518471 0.704545 0.518752 0.705187 0.542923
0 0.393761 0.946941 0.404655 0.945153 0.399488 0.913669 0.388594 0.915457
0 0.783092 0.995134 0.783601 0.981746 0.776061 0.981459 0.775552 0.994847
0 0.692749 0.840449 0.702720 0.839473 0.700434 0.816121 0.690462 0.817097
0 0.773760 0.995027 0.774089 0.982179 0.766268 0.981979 0.765939 0.994827
0 0.402857 0.933391 0.410914 0.931527 0.406184 0.911076 0.398127 0.912939
0 0.764328 0.995025 0.764828 0.982123 0.757285 0.981831 0.756785 0.994733
0 0.698854 0.453444 0.707580 0.450643 0.701142 0.430586 0.692416 0.433387
0 0.796916 0.995251 0.797304 0.981974 0.789924 0.981758 0.789537 0.995036
0 0.704796 0.997664 0.704938 0.984829 0.697173 0.984743 0.697031 0.997578
0 0.301568 0.759603 0.301311 0.733841 0.289740 0.733956 0.289996 0.759718
0 0.715593 0.995600 0.715986 0.985154 0.707319 0.984828 0.706926 0.995275
0 0.835216 0.995083 0.835363 0.985369 0.829315 0.985277 0.829168 0.994992
0 0.755660 0.995241 0.756046 0.982138 0.747668 0.981891 0.747282 0.994994
0 0.745968 0.995787 0.747238 0.982897 0.735185 0.981709 0.733914 0.994599
0 0.886655 0.995312 0.886705 0.984697 0.878935 0.984660 0.878885 0.995276
0 0.727737 0.997438 0.727926 0.984639 0.718057 0.984493 0.717868 0.997292
0 0.817889 0.994794 0.818076 0.984659 0.811883 0.984545 0.811696 0.994680
0 0.858551 0.994568 0.859214 0.982613 0.854083 0.982329 0.853420 0.994284
0 0.867410 0.995286 0.867862 0.984790 0.861197 0.984503 0.860745 0.995000
0 0.694700 0.995720 0.694957 0.984950 0.688849 0.984804 0.688592 0.995574
0 0.869377 0.995022 0.869693 0.984939 0.863054 0.984730 0.862737 0.994813
0 0.851276 0.995058 0.851549 0.982185 0.846459 0.982077 0.846187 0.994950
0 0.826837 0.994897 0.826959 0.985266 0.821496 0.985197 0.821374 0.994828
0 0.808023 0.995095 0.808041 0.983381 0.802622 0.983373 0.802603 0.995087
