0 0.468886 0.948995 0.495943 0.939102 0.483147 0.904105 0.456090 0.913998
0 0.059863 0.381508 0.068204 0.373055 0.048898 0.354004 0.040557 0.362457
0 1.000000 0.978037 1.000000 0.953278 0.989383 0.953413 0.989659 0.978172
0 0.367577 0.197965 0.380113 0.191787 0.366113 0.163382 0.353577 0.169561
0 0.419639 0.566077 0.435144 0.560772 0.423476 0.526671 0.407971 0.531976
0 0.783154 0.995189 0.783661 0.981568 0.775933 0.981281 0.775427 0.994902
0 0.797152 0.995718 0.797484 0.981996 0.789717 0.981808 0.789385 0.995530
0 0.767579 0.267311 0.779651 0.265936 0.776604 0.239187 0.764532 0.240562
0 0.715383 0.995719 0.715939 0.984976 0.707242 0.984526 0.706686 0.995269
0 0.773750 0.995132 0.774192 0.982245 0.766302 0.981974 0.765861 0.994862
