0 0.698589 0.323613 0.746325 0.304914 0.723701 0.247158 0.675965 0.265857
0 0.301523 0.962337 0.312593 0.954602 0.288423 0.920011 0.277353 0.927746
0 0.380124 0.979301 0.392888 0.969439 0.362029 0.929496 0.349265 0.939357
0 0.481748 0.947957 0.495854 0.946135 0.490412 0.904021 0.476307 0.905843
0 0.359308 0.558990 0.381079 0.518614 0.367022 0.511033 0.345250 0.551410
0 0.239353 0.247066 0.248487 0.203977 0.233304 0.200759 0.224170 0.243847
0 0.290557 0.970004 0.299817 0.962917 0.280180 0.937261 0.270920 0.944349
0 0.332076 1.000000 0.342283 0.996857 0.320448 0.966504 0.310241 0.973848
0 0.434072 0.713159 0.465282 0.679357 0.452702 0.667741 0.421492 0.701543
0 0.301667 0.998309 0.310328 0.992391 0.297956 0.974287 0.289296 0.980206
0 0.290167 0.848782 0.298102 0.836973 0.267933 0.816701 0.259998 0.828510
0 0.361129 0.788638 0.381830 0.751167 0.366494 0.742694 0.345793 0.780165
0 0.278455 0.979717 0.288379 0.972584 0.269299 0.946039 0.259376 0.953172
0 0.487755 0.897929 0.500587 0.866393 0.488844 0.861615 0.476012 0.893150
0 0.786683 0.348034 0.832785 0.342251 0.830921 0.327383 0.784818 0.333166
0 0.543218 0.837881 0.555585 0.809100 0.542601 0.803521 0.530234 0.832302
0 0.665891 0.793250 0.670303 0.755627 0.657771 0.754157 0.653359 0.791780
0 0.329363 0.941203 0.340356 0.934752 0.322884 0.904983 0.311891 0.911434
0 0.255770 0.826814 0.266464 0.813520 0.223984 0.779348 0.213289 0.792642
0 0.236908 0.924573 0.244093 0.914032 0.216612 0.895300 0.209427 0.905841
0 0.258369 0.993630 0.266640 0.988057 0.253666 0.968802 0.245395 0.974374
0 0.401511 0.839110 0.413601 0.836394 0.406790 0.806070 0.394700 0.808786
0 0.258031 1.000000 0.380406 0.965522 0.333180 0.896436 0.210804 0.980091
0 0.163306 0.330101 0.170751 0.298638 0.158978 0.295852 0.151532 0.327315
0 0.240780 0.844501 0.251482 0.829688 0.210926 0.800387 0.200224 0.815199
0 0.337052 0.985640 0.346852 0.979385 0.330147 0.953212 0.320348 0.959467
0 0.214090 0.936452 0.219884 0.928627 0.200524 0.914293 0.194730 0.922118
0 0.098684 0.385492 0.110984 0.382696 0.103990 0.351933 0.091690 0.354730
0 0.279092 1.000000 0.286684 1.000000 0.277691 0.986810 0.270098 0.991962
0 0.481315 0.599663 0.487718 0.552930 0.474210 0.551079 0.467807 0.597812
0 0.245593 0.895997 0.251445 0.886539 0.228135 0.872117 0.222283 0.881575
0 0.194872 0.625036 0.209512 0.623318 0.204449 0.580175 0.189809 0.581893
0 0.070579 0.750024 0.101145 0.701296 0.084378 0.690779 0.053812 0.739507
0 0.181480 0.401758 0.181794 0.365351 0.169619 0.365246 0.169306 0.401654
0 0.526465 0.698623 0.525980 0.669797 0.513369 0.670009 0.513855 0.698835
0 0.185517 0.525257 0.197546 0.523188 0.192051 0.491248 0.180022 0.493317
0 0.292529 1.000000 0.301471 0.998730 0.287841 0.979836 0.278899 0.986287
0 0.020374 0.352154 0.025520 0.342148 0.000530 0.329295 0.000000 0.339301
0 0.238096 0.397655 0.236688 0.359990 0.222578 0.360518 0.223987 0.398183
0 0.221758 0.928233 0.227612 0.919799 0.206379 0.905061 0.200525 0.913495
0 0.666994 0.717684 0.677472 0.715266 0.672477 0.693622 0.662000 0.696040
0 0.043891 0.333066 0.067462 0.323086 0.063173 0.312956 0.039602 0.322936
0 0.126627 0.282354 0.143363 0.265559 0.135746 0.257969 0.119009 0.274764
0 0.037248 0.324909 0.060550 0.313347 0.055935 0.304047 0.032633 0.315609
0 0.241790 1.000000 0.251749 0.995215 0.238216 0.972387 0.228257 0.978291
0 0.023220 0.316736 0.045212 0.303976 0.039757 0.294574 0.017765 0.307334
0 0.451621 0.524547 0.460696 0.495372 0.448553 0.491595 0.439478 0.520770
0 0.206108 0.971091 0.290161 0.835147 0.226587 0.795840 0.142534 0.931783
0 0.635219 0.289246 0.647582 0.254948 0.635531 0.250604 0.623167 0.284901
0 0.481248 0.759871 0.494128 0.756699 0.487433 0.729515 0.474553 0.732687
0 0.335730 0.341111 0.337458 0.289584 0.321249 0.289040 0.319520 0.340568
0 0.736656 0.749039 0.737894 0.724125 0.726431 0.723556 0.725194 0.748469
0 0.573404 0.734795 0.577349 0.709929 0.565742 0.708088 0.561797 0.732953
0 0.299955 0.499209 0.310571 0.495697 0.300631 0.465648 0.290015 0.469160
0 0.767315 0.383281 0.833569 0.377963 0.832054 0.359095 0.765801 0.364413
0 0.559034 0.242745 0.569980 0.172744 0.545407 0.168902 0.534462 0.238903
0 0.201550 0.950076 0.207153 0.942173 0.190272 0.930206 0.184670 0.938110
0 0.771331 0.309504 0.797390 0.256595 0.788226 0.252081 0.762167 0.304991
0 0.196894 0.912718 0.208409 0.893462 0.200000 0.888433 0.188485 0.907688
0 0.367469 0.111817 0.386077 0.098364 0.380299 0.090373 0.361692 0.103827
0 0.621487 0.857106 0.624475 0.831124 0.613104 0.829816 0.610115 0.855798
0 0.133201 0.554572 0.154832 0.534976 0.146335 0.525597 0.124705 0.545193
0 0.178263 0.199434 0.187699 0.173941 0.176542 0.169811 0.167106 0.195305
0 0.560299 1.000000 0.569401 0.993428 0.559640 0.986580 0.550538 0.999555
0 0.575493 0.999834 0.588645 0.978814 0.579233 0.972926 0.566082 0.993946
0 0.670479 0.671472 0.680079 0.667647 0.670826 0.644424 0.661226 0.648249
0 0.004959 0.304248 0.022984 0.293562 0.018089 0.285304 0.000064 0.295991
0 0.261687 0.114504 0.284744 0.096798 0.278547 0.088729 0.255491 0.106436
0 0.234646 0.150889 0.258913 0.130494 0.250985 0.121061 0.226718 0.141456
0 0.347563 0.933843 0.360326 0.925340 0.342587 0.898714 0.329824 0.907217
0 0.078516 0.866478 0.099985 0.828462 0.086653 0.820933 0.065184 0.858949
0 0.430412 0.882640 0.440253 0.881110 0.437115 0.860929 0.427274 0.862459
0 0.214412 0.195858 0.233991 0.182910 0.227686 0.173375 0.208106 0.186324
0 0.494551 0.213397 0.507479 0.187377 0.496983 0.182162 0.484055 0.208182
0 0.265190 0.121514 0.289082 0.103900 0.282504 0.094978 0.258612 0.112592
0 0.064188 0.871168 0.155247 0.719863 0.077690 0.673187 0.000000 0.824492
0 0.230087 1.000000 0.239988 1.000000 0.228179 0.982325 0.218278 0.988912
0 0.117410 0.722231 0.130357 0.698284 0.119398 0.692359 0.106451 0.716306
0 0.423813 0.211353 0.443201 0.191812 0.434944 0.183619 0.415556 0.203160
0 0.502348 0.219852 0.515088 0.193417 0.504906 0.188510 0.492165 0.214945
0 0.822633 0.416857 0.822068 0.398752 0.762257 0.400621 0.762823 0.418727
0 0.112730 0.102255 0.139009 0.091827 0.114155 0.029188 0.087875 0.039615
0 0.658365 0.717176 0.666728 0.715165 0.662672 0.698300 0.654309 0.700311
0 0.045456 0.798536 0.064535 0.768211 0.052735 0.760787 0.033656 0.791112
0 0.405766 0.136419 0.420670 0.124286 0.415780 0.118280 0.400876 0.130414
0 0.590822 0.974524 0.602279 0.953306 0.593323 0.948470 0.581865 0.969687
0 0.547989 0.447055 0.563295 0.430660 0.554150 0.422122 0.538843 0.438517
0 0.641796 0.585981 0.643807 0.572419 0.636352 0.571314 0.634341 0.584875
0 0.073388 0.093317 0.085226 0.091368 0.075453 0.032008 0.063615 0.033957
0 0.357969 0.974834 0.365768 0.969594 0.354130 0.952271 0.346330 0.957512
0 0.025371 0.343709 0.030889 0.333747 0.000000 0.316438 0.000000 0.326400
0 0.563564 0.240750 0.566383 0.214016 0.555564 0.212875 0.552745 0.239610
0 0.607146 1.000000 0.642067 0.965792 0.598421 0.939813 0.563500 0.998480
0 0.767702 0.390431 0.797622 0.386096 0.795756 0.373219 0.765836 0.377555
