0 0.259719 0.817518 0.264709 0.785576 0.094193 0.758934 0.089202 0.790876
0 0.591684 0.536584 0.730308 0.403663 0.666909 0.337545 0.528286 0.470465
0 0.837752 0.420833 0.847915 0.411184 0.824611 0.386641 0.814449 0.396290
0 0.783099 0.995147 0.783572 0.981639 0.776023 0.981374 0.775549 0.994882
0 0.773773 0.995104 0.774116 0.982126 0.766313 0.981919 0.765970 0.994898
0 0.797004 0.995534 0.797340 0.981985 0.789862 0.981800 0.789527 0.995348
0 0.764287 0.995086 0.764856 0.982100 0.757358 0.981771 0.756789 0.994758
0 0.612733 0.572388 0.695008 0.469719 0.460735 0.281980 0.378459 0.384649
0 0.835312 0.995227 0.835431 0.985310 0.829287 0.985236 0.829168 0.995153
0 0.867297 0.995300 0.867830 0.984716 0.861293 0.984387 0.860760 0.994971
0 0.858446 0.994594 0.859141 0.982823 0.854072 0.982525 0.853378 0.994295
0 0.886381 0.995320 0.886421 0.984663 0.879518 0.984637 0.879478 0.995294
0 0.851196 0.994926 0.851534 0.982359 0.846487 0.982224 0.846150 0.994791
0 0.817916 0.994798 0.818112 0.984639 0.811831 0.984517 0.811635 0.994677
0 0.755604 0.995405 0.756076 0.982139 0.747604 0.981838 0.747132 0.995103
0 0.715313 0.995696 0.715795 0.985109 0.707347 0.984724 0.706865 0.995312
0 0.704795 0.997706 0.704942 0.984834 0.697088 0.984744 0.696941 0.997616
0 0.914091 0.995390 0.914474 0.984401 0.907163 0.984146 0.906780 0.995135
0 0.748021 0.787704 0.766954 0.771164 0.758701 0.761716 0.739768 0.778256
0 0.869317 0.995014 0.869642 0.984786 0.863059 0.984576 0.862734 0.994804
0 0.745559 0.995767 0.746867 0.982932 0.735484 0.981771 0.734175 0.994606
0 0.727785 0.997536 0.727967 0.984632 0.718019 0.984491 0.717837 0.997396
0 0.923724 0.995551 0.924025 0.984432 0.916410 0.984226 0.916109 0.995345
0 0.826828 0.994889 0.826954 0.985252 0.821548 0.985181 0.821422 0.994818
0 0.694838 0.995741 0.695100 0.984963 0.688754 0.984809 0.688493 0.995587
0 0.805077 0.994861 0.805032 0.982876 0.799518 0.982897 0.799563 0.994882
0 0.974394 0.997635 0.975460 0.985296 0.966897 0.984556 0.965831 0.996895
0 0.807954 0.994983 0.807920 0.983687 0.802462 0.983703 0.802496 0.994999
