0 0.902803 0.293446 0.921160 0.290878 0.896537 0.114892 0.878180 0.117460
0 0.783064 0.995159 0.783619 0.981464 0.776063 0.981157 0.775508 0.994853
0 0.796906 0.995558 0.797273 0.981710 0.789866 0.981514 0.789499 0.995361
0 0.773711 0.995108 0.774130 0.981919 0.766390 0.981673 0.765971 0.994862
0 0.341041 0.893302 0.353949 0.878277 0.288283 0.821864 0.275375 0.836889
0 0.764208 0.995109 0.764822 0.981892 0.757415 0.981547 0.756800 0.994764
0 0.851193 0.994818 0.851479 0.982055 0.846400 0.981942 0.846114 0.994704
0 0.835315 0.995320 0.835416 0.985181 0.829226 0.985119 0.829124 0.995258
0 0.715413 0.995526 0.715826 0.985028 0.707208 0.984689 0.706794 0.995187
0 0.858474 0.994453 0.859198 0.982529 0.854171 0.982223 0.853448 0.994148
0 0.817981 0.994882 0.818191 0.984363 0.811867 0.984237 0.811658 0.994756
0 0.704833 0.997732 0.705004 0.984783 0.697126 0.984680 0.696955 0.997629
