0 0.360974 0.433572 0.485759 0.313133 0.443968 0.269834 0.319183 0.390274
0 0.395060 0.724292 0.404923 0.710344 0.363395 0.680978 0.353532 0.694927
0 0.409039 0.703909 0.418574 0.689102 0.380206 0.664396 0.370671 0.679204
0 0.746775 0.815982 0.756834 0.798703 0.711061 0.772057 0.701002 0.789335
0 0.348179 0.898697 0.507757 0.646333 0.425113 0.594074 0.265534 0.846438
0 0.430918 0.666728 0.440506 0.651884 0.400666 0.626149 0.391077 0.640992
0 0.686687 0.781191 0.696715 0.763932 0.648372 0.735843 0.638343 0.753103
0 0.373218 0.760971 0.383231 0.745662 0.343756 0.719842 0.333743 0.735151
0 0.386934 0.740335 0.394454 0.727203 0.361748 0.708475 0.354228 0.721607
0 0.341212 0.809385 0.348759 0.797597 0.319606 0.778932 0.312059 0.790720
0 0.712730 0.854229 0.722292 0.838533 0.680965 0.813357 0.671404 0.829052
0 0.593229 0.088156 0.608571 0.069300 0.503698 0.000000 0.488356 0.002826
0 0.466276 0.716149 0.475922 0.701537 0.436626 0.675599 0.426981 0.690211
0 0.451813 0.214398 0.469898 0.197425 0.383811 0.105692 0.365725 0.122664
0 0.326907 0.836722 0.332769 0.826616 0.308940 0.812795 0.303078 0.822901
0 0.377028 0.831917 0.383364 0.820926 0.355876 0.805079 0.349540 0.816070
0 0.274492 0.670564 0.288975 0.666881 0.278411 0.625346 0.263928 0.629030
0 0.711863 0.672393 0.722731 0.654117 0.674625 0.625510 0.663757 0.643785
0 0.116782 0.737267 0.284722 0.685513 0.261529 0.610251 0.093588 0.662005
0 0.115080 0.767964 0.185041 0.757553 0.181286 0.732321 0.111325 0.742732
0 0.245689 0.660445 0.234436 0.627394 0.220392 0.632176 0.231646 0.665227
0 0.897708 0.193224 0.936404 0.164642 0.928764 0.154299 0.890067 0.182880
0 0.827431 0.076570 0.840094 0.072903 0.831924 0.044695 0.819262 0.048363
0 0.797366 0.727903 0.808063 0.710285 0.764154 0.683623 0.753456 0.701240
0 0.604294 1.000000 0.808849 0.702067 0.704506 0.642046 0.499951 0.997652
0 0.505849 0.657264 0.522227 0.632708 0.446304 0.582069 0.429926 0.606626
0 0.356731 0.856075 0.361800 0.848043 0.340500 0.834600 0.335431 0.842632
0 0.019705 0.708093 0.032618 0.705844 0.026211 0.669071 0.013298 0.671321
0 0.294022 0.596401 0.336502 0.562884 0.325509 0.548952 0.283029 0.582469
0 0.034281 0.701731 0.043584 0.699856 0.039139 0.677805 0.029836 0.679680
0 0.471009 0.989226 0.500744 0.932084 0.251285 0.802273 0.221550 0.859414
0 0.690023 0.923619 0.804555 0.732246 0.682923 0.659452 0.568390 0.850825
0 0.174864 0.680037 0.187539 0.676622 0.178860 0.644416 0.166186 0.647832
0 0.312674 0.614163 0.353166 0.580653 0.341586 0.566660 0.301093 0.600170
0 0.767549 0.408798 0.776206 0.402560 0.763952 0.385554 0.755296 0.391792
0 0.406650 0.936798 0.429403 0.895080 0.412113 0.885651 0.389360 0.927368
0 0.696865 0.314713 0.732333 0.281917 0.724609 0.273564 0.689142 0.306360
0 0.310791 0.474166 0.322792 0.469878 0.311795 0.439104 0.299795 0.443393
0 0.823097 0.233677 0.855481 0.204468 0.847812 0.195966 0.815428 0.225174
0 0.342760 0.919741 0.346255 0.909345 0.324729 0.902109 0.321234 0.912505
0 0.312632 0.915834 0.328492 0.900325 0.320936 0.892598 0.305076 0.908107
0 0.178973 0.771255 0.185056 0.741121 0.135493 0.731118 0.129411 0.761252
0 0.858489 0.994339 0.859132 0.982629 0.854135 0.982355 0.853492 0.994065
0 0.132136 0.738657 0.382446 0.628073 0.351892 0.558912 0.101582 0.669496
0 0.851208 0.994810 0.851536 0.982025 0.846512 0.981895 0.846183 0.994681
0 0.797035 0.995253 0.797389 0.981278 0.790020 0.981091 0.789666 0.995066
0 0.444030 0.960728 0.469259 0.913845 0.451350 0.904208 0.426121 0.951091
