0 0.300252 0.953241 0.311925 0.935817 0.266322 0.905264 0.254648 0.922688
0 0.321680 0.610345 0.419245 0.544437 0.408933 0.529171 0.311367 0.595079
0 0.040815 0.673537 0.043119 0.652677 0.000000 0.647795 0.000000 0.668654
0 0.783075 0.995099 0.783584 0.981835 0.775985 0.981543 0.775476 0.994808
0 0.773719 0.995039 0.774079 0.982210 0.766275 0.981991 0.765915 0.994820
0 0.835149 0.995165 0.835303 0.985386 0.829321 0.985291 0.829167 0.995071
0 0.764334 0.995046 0.764879 0.982131 0.757350 0.981814 0.756806 0.994729
0 0.940888 0.683006 0.940830 0.670745 0.858739 0.671128 0.858796 0.683390
0 0.797033 0.995348 0.797359 0.982033 0.789892 0.981850 0.789566 0.995165
0 0.850880 0.994770 0.851299 0.982481 0.846628 0.982321 0.846209 0.994611
0 0.858252 0.994465 0.858960 0.982917 0.854185 0.982624 0.853476 0.994172
0 0.817932 0.994878 0.818152 0.984426 0.811819 0.984293 0.811599 0.994745
0 0.867035 0.995200 0.867552 0.984796 0.861224 0.984481 0.860707 0.994885
0 0.954100 0.843891 0.954096 0.834529 0.881899 0.834564 0.881904 0.843926
0 0.715381 0.995711 0.715882 0.985074 0.707319 0.984670 0.706818 0.995307
