0 0.358655 0.297467 0.378874 0.263372 0.301673 0.217591 0.281454 0.251686
0 0.055620 0.298720 0.063134 0.291108 0.041703 0.269955 0.034189 0.277567
0 0.168019 0.819052 0.179059 0.800070 0.083277 0.744363 0.072237 0.763345
0 0.245912 0.754433 0.259907 0.739841 0.193136 0.675801 0.179141 0.690393
0 0.040731 0.129945 0.052133 0.118513 0.013186 0.079665 0.001783 0.091096
0 0.031863 0.496471 0.035763 0.484671 0.007269 0.475255 0.003369 0.487056
0 0.072241 0.443012 0.080145 0.434526 0.060438 0.416171 0.052534 0.424657
0 0.006290 0.370812 0.012868 0.364219 0.000819 0.352196 0.000000 0.358789
0 0.330779 0.436726 0.396238 0.430590 0.395064 0.418068 0.329605 0.424205
0 0.378668 0.050143 0.391422 0.030944 0.321959 0.000000 0.309205 0.003998
0 0.071861 0.967109 0.099660 0.931742 0.015785 0.865815 0.000000 0.901182
0 0.249350 0.113266 0.250829 0.104606 0.230580 0.101149 0.229101 0.109810
0 0.381545 0.474120 0.414121 0.468884 0.410257 0.444844 0.377681 0.450080
0 0.209797 0.308935 0.219164 0.307061 0.215158 0.287039 0.205792 0.288913
0 0.189206 0.146782 0.198769 0.141202 0.186119 0.119521 0.176556 0.125100
0 0.219037 0.354173 0.228160 0.350557 0.220868 0.332160 0.211745 0.335776
0 0.294666 0.165323 0.297045 0.158314 0.280130 0.152574 0.277751 0.159583
0 0.077413 0.338994 0.083065 0.334747 0.075123 0.324178 0.069471 0.328426
