0 0.872897 0.347376 1.000000 0.283700 0.992011 0.246280 0.855449 0.309956
0 0.605789 1.000000 0.618342 0.947162 0.580835 0.939212 0.568282 0.998432
0 0.400666 0.995001 0.399515 0.923347 0.372759 0.923777 0.373911 0.995431
0 0.976036 0.535233 1.000000 0.520465 0.998203 0.508601 0.969856 0.523370
0 0.532780 0.734591 0.543543 0.711317 0.532220 0.706081 0.521457 0.729355
0 0.610317 0.521385 0.631136 0.515436 0.628535 0.506333 0.607716 0.512282
0 0.498519 0.510844 0.524820 0.491532 0.517778 0.481941 0.491477 0.501253
0 0.842903 0.788028 0.862935 0.777185 0.857859 0.767807 0.837827 0.778650
0 0.951010 0.787155 0.970394 0.783148 0.968417 0.773582 0.949033 0.777589
0 0.602085 0.426178 0.630381 0.411959 0.625910 0.403062 0.597614 0.417281
0 0.925865 0.681898 0.952673 0.664825 0.945527 0.653603 0.918719 0.670676
0 0.376144 0.654356 0.411457 0.629689 0.402241 0.616496 0.366928 0.641164
0 0.766012 0.615381 0.784835 0.600449 0.777912 0.591723 0.759090 0.606655
0 0.299757 0.136436 0.324994 0.113352 0.317270 0.104908 0.292034 0.127992
0 0.349782 0.225431 0.374758 0.192538 0.360958 0.182059 0.335982 0.214952
0 0.663855 0.677004 0.698596 0.661908 0.693505 0.650191 0.658763 0.665288
0 0.331982 0.532900 0.360988 0.500288 0.348880 0.489519 0.319874 0.522131
0 0.434920 0.695952 0.456339 0.676862 0.447028 0.666415 0.425609 0.685505
0 0.852022 0.994441 0.851889 0.982115 0.845939 0.982179 0.846072 0.994505
0 0.203411 0.133699 0.243959 0.115801 0.237231 0.100558 0.196682 0.118456
0 0.453723 0.196707 0.471672 0.164066 0.457090 0.156047 0.439140 0.188687
