0 0.995708 0.322893 1.000000 0.167563 0.920830 0.150573 0.894703 0.305903
0 0.658716 0.013396 0.667337 0.008672 0.660470 0.000000 0.651850 0.000866
0 0.734523 0.010935 0.739865 0.003681 0.728822 0.000000 0.723480 0.002802
0 0.314794 0.297721 0.315555 0.269836 0.302433 0.269478 0.301671 0.297363
0 0.783184 0.995130 0.783683 0.981451 0.776045 0.981173 0.775546 0.994852
0 0.465732 0.693571 0.473000 0.681871 0.447363 0.665946 0.440095 0.677646
0 0.773844 0.995127 0.774153 0.981929 0.766290 0.981745 0.765980 0.994943
0 0.707333 0.109907 0.715760 0.102693 0.699613 0.083831 0.691186 0.091044
0 0.764323 0.995108 0.764826 0.981903 0.757304 0.981617 0.756801 0.994822
0 0.999066 0.144557 1.000000 0.116859 0.957951 0.111656 0.954702 0.139354
0 0.796900 0.995397 0.797254 0.981768 0.789895 0.981576 0.789540 0.995206
0 0.704904 0.997859 0.705030 0.984799 0.697038 0.984723 0.696912 0.997782
0 0.715449 0.995708 0.715861 0.985060 0.707169 0.984724 0.706757 0.995372
0 0.352912 0.868899 0.365485 0.865510 0.357335 0.835271 0.344763 0.838659
0 0.755682 0.995463 0.756094 0.982035 0.747628 0.981775 0.747216 0.995203
0 0.745860 0.995800 0.747168 0.982876 0.735291 0.981673 0.733982 0.994598
0 0.727726 0.997587 0.727941 0.984581 0.717974 0.984416 0.717759 0.997422
0 0.694851 0.995838 0.695112 0.984883 0.688681 0.984730 0.688420 0.995685
0 0.817964 0.994836 0.818181 0.984433 0.811840 0.984300 0.811623 0.994704
0 0.835375 0.995307 0.835492 0.985263 0.829212 0.985189 0.829095 0.995233
