0 0.682645 0.397939 0.689596 0.386465 0.661452 0.369414 0.654501 0.380888
0 0.015065 0.787773 0.034086 0.771746 0.026070 0.762232 0.007048 0.778260
0 0.783134 0.995250 0.783644 0.981703 0.775942 0.981414 0.775433 0.994960
0 0.105214 0.421051 0.115444 0.411148 0.091716 0.386634 0.081486 0.396537
0 0.797127 0.995635 0.797471 0.982003 0.789787 0.981809 0.789444 0.995441
0 0.773830 0.995176 0.774209 0.982328 0.766225 0.982093 0.765847 0.994941
0 0.764417 0.995152 0.764993 0.982144 0.757258 0.981801 0.756682 0.994809
0 0.725740 0.650637 0.729689 0.635979 0.684973 0.623931 0.681023 0.638589
0 0.715487 0.995771 0.716027 0.985011 0.707326 0.984574 0.706787 0.995334
0 0.635826 0.848738 0.635776 0.837563 0.549057 0.837950 0.549107 0.849125
0 0.526429 0.602194 0.528693 0.585861 0.475725 0.578516 0.473460 0.594849
0 0.835404 0.995299 0.835548 0.985284 0.829223 0.985193 0.829078 0.995207
0 0.818034 0.994849 0.818263 0.984479 0.811674 0.984334 0.811445 0.994704
0 0.745922 0.995736 0.747110 0.982825 0.735274 0.981736 0.734085 0.994646
0 0.727928 0.997519 0.728087 0.984598 0.718001 0.984474 0.717841 0.997394
0 0.704858 0.997735 0.704998 0.984762 0.696950 0.984675 0.696810 0.997648
0 0.755805 0.995443 0.756266 0.982153 0.747447 0.981847 0.746986 0.995137
0 0.851323 0.994948 0.851613 0.982336 0.846459 0.982217 0.846169 0.994830
0 0.858537 0.994529 0.859171 0.982854 0.853926 0.982569 0.853291 0.994244
