0 0.540995 0.155752 0.576152 0.145592 0.552357 0.063253 0.517200 0.073413
0 0.467331 0.229925 0.492703 0.220151 0.459364 0.133605 0.433992 0.143379
0 0.783276 0.995137 0.783825 0.981274 0.776071 0.980966 0.775522 0.994830
0 0.773783 0.995086 0.774143 0.981738 0.766316 0.981526 0.765956 0.994875
0 0.596364 0.412992 0.646850 0.402062 0.634386 0.344491 0.583900 0.355421
0 0.797069 0.995520 0.797366 0.981499 0.789744 0.981338 0.789447 0.995359
0 0.764270 0.995073 0.764782 0.981809 0.757339 0.981522 0.756827 0.994786
0 0.704754 0.997683 0.704876 0.984794 0.697134 0.984721 0.697012 0.997610
0 0.715390 0.995638 0.715796 0.985079 0.707306 0.984753 0.706901 0.995312
0 0.315728 0.096202 0.326786 0.096181 0.326697 0.050460 0.315639 0.050482
0 0.694716 0.995752 0.694954 0.984968 0.688797 0.984832 0.688558 0.995616
0 0.755637 0.995358 0.756069 0.981900 0.747766 0.981634 0.747334 0.995092
0 0.727736 0.997519 0.727916 0.984611 0.718024 0.984473 0.717844 0.997382
0 0.745695 0.995664 0.746977 0.982947 0.735460 0.981786 0.734177 0.994503
