0 0.000000 0.780588 0.020220 0.777528 0.018506 0.765936 0.000000 0.768996
0 0.000940 0.649782 0.015914 0.636986 0.008738 0.628589 0.000000 0.641384
0 0.317732 0.716413 0.350218 0.708847 0.347104 0.695477 0.314618 0.703044
0 0.434429 0.690196 0.469584 0.686491 0.468187 0.673240 0.433032 0.676945
0 0.305577 0.387085 0.306894 0.367766 0.257245 0.364381 0.255928 0.383700
0 0.783149 0.995225 0.783707 0.981477 0.775986 0.981164 0.775429 0.994912
0 0.742743 0.479631 0.742419 0.465583 0.717966 0.466146 0.718290 0.480194
0 0.773789 0.995265 0.774237 0.982060 0.766309 0.981791 0.765862 0.994996
0 0.797051 0.995701 0.797421 0.981978 0.789721 0.981770 0.789351 0.995493
0 0.764275 0.995199 0.764877 0.981966 0.757310 0.981623 0.756709 0.994855
0 0.715294 0.995722 0.715679 0.985095 0.707377 0.984794 0.706992 0.995421
0 0.835333 0.995280 0.835499 0.985287 0.829261 0.985183 0.829094 0.995176
0 0.704625 0.997617 0.704830 0.984756 0.697120 0.984633 0.696915 0.997495
0 0.851230 0.994914 0.851559 0.982170 0.846470 0.982038 0.846141 0.994783
0 0.818017 0.994816 0.818220 0.984414 0.811700 0.984287 0.811497 0.994689
0 0.755700 0.995645 0.756195 0.982135 0.747712 0.981824 0.747216 0.995334
0 0.858430 0.994416 0.859112 0.982709 0.854073 0.982415 0.853391 0.994122
0 0.727832 0.997578 0.728051 0.984595 0.718138 0.984428 0.717919 0.997410
0 0.745737 0.995920 0.747175 0.982986 0.735397 0.981676 0.733959 0.994610
0 0.867256 0.995189 0.867788 0.984782 0.861243 0.984447 0.860711 0.994854
