0 0.983031 0.212740 0.987688 0.190671 0.912035 0.174706 0.907377 0.196775
0 0.864361 0.173690 0.897328 0.151607 0.890240 0.141026 0.857273 0.163108
0 0.476655 0.658422 0.479298 0.633847 0.425456 0.628056 0.422813 0.652631
0 0.633474 0.110491 0.765736 0.000000 0.738459 0.000000 0.606197 0.078863
0 1.000000 0.219428 1.000000 0.196552 0.991253 0.196722 0.991657 0.219599
0 0.548939 0.018892 0.549616 0.000000 0.517656 0.000000 0.516979 0.017939
0 0.638849 0.045696 0.640139 0.000000 0.561022 0.000000 0.559731 0.043559
0 0.809424 0.206035 0.857673 0.174766 0.847492 0.159056 0.799243 0.190325
0 0.473605 0.495874 0.487526 0.480243 0.447607 0.444692 0.433687 0.460323
0 0.783105 0.995132 0.783648 0.981505 0.776002 0.981200 0.775459 0.994827
0 0.825670 0.231847 0.873405 0.202808 0.863811 0.187038 0.816076 0.216077
0 0.295663 0.262323 0.297512 0.251874 0.279323 0.248655 0.277473 0.259104
0 0.851271 0.994818 0.851570 0.982082 0.846444 0.981961 0.846145 0.994698
0 0.797074 0.995600 0.797428 0.981998 0.789800 0.981800 0.789446 0.995401
0 0.609075 0.046215 0.644843 0.000379 0.608944 0.000000 0.573176 0.018201
0 0.835618 0.995568 0.835729 0.985273 0.829185 0.985202 0.829074 0.995497
