0 0.208353 0.762710 0.219350 0.757020 0.206185 0.731575 0.195188 0.737265
0 0.002797 0.834291 0.077961 0.815063 0.067059 0.772444 0.000000 0.791672
0 0.090527 0.944430 0.169941 0.927008 0.150824 0.839866 0.071410 0.857289
0 0.337420 0.830155 0.359105 0.826990 0.350505 0.768070 0.328821 0.771235
0 0.563254 0.557822 0.572123 0.530490 0.559973 0.526548 0.551104 0.553879
0 0.645227 1.000000 0.650429 0.984158 0.627807 0.978494 0.622605 0.999270
0 0.004652 0.883974 0.091273 0.868018 0.083795 0.827416 0.000000 0.843372
0 0.075648 0.330359 0.087897 0.325171 0.056385 0.250766 0.044136 0.255954
0 0.438993 0.884812 0.498642 0.878979 0.486058 0.750302 0.426409 0.756135
0 0.322581 0.835875 0.340423 0.831682 0.328998 0.783068 0.311156 0.787261
0 0.258659 0.797326 0.270951 0.794127 0.264054 0.767620 0.251762 0.770818
0 0.571532 0.144182 0.587188 0.097169 0.569790 0.091375 0.554133 0.138388
0 0.244132 0.240292 0.258390 0.239278 0.253212 0.166435 0.238954 0.167449
0 0.230221 0.241729 0.246438 0.240189 0.241360 0.186749 0.225143 0.188289
0 0.574985 0.873284 0.619440 0.858271 0.604917 0.815267 0.560462 0.830280
0 0.073594 0.292453 0.089624 0.285323 0.069927 0.241037 0.053896 0.248168
