0 0.014101 0.581929 0.100021 0.485814 0.062348 0.452137 0.000000 0.548253
0 0.770452 0.015528 0.770358 0.000000 0.756189 0.000000 0.756284 0.015608
0 0.670004 0.606592 0.685620 0.587643 0.652454 0.560310 0.636838 0.579259
0 0.731273 0.459134 0.735063 0.405970 0.711017 0.404256 0.707227 0.457420
0 0.783162 0.995259 0.783688 0.981656 0.775949 0.981357 0.775423 0.994960
0 0.686776 0.172174 0.703735 0.166257 0.688090 0.121417 0.671131 0.127334
0 0.823476 0.692889 0.832633 0.685961 0.814139 0.661517 0.804982 0.668445
0 0.878900 0.797262 0.902388 0.795910 0.899275 0.741836 0.875787 0.743188
0 0.773863 0.995330 0.774285 0.982243 0.766279 0.981985 0.765857 0.995072
0 0.797092 0.995708 0.797431 0.982005 0.789641 0.981812 0.789302 0.995515
0 0.100945 0.065155 0.111175 0.064026 0.108558 0.040326 0.098328 0.041456
0 0.764370 0.995180 0.764991 0.982067 0.757312 0.981704 0.756692 0.994817
0 0.805079 0.765200 0.834502 0.746754 0.819545 0.722895 0.790122 0.741342
