0 0.432832 0.524607 0.450746 0.486225 0.373601 0.450218 0.355687 0.488600
0 0.827766 0.654623 0.848814 0.619439 0.787446 0.582728 0.766399 0.617912
0 0.550502 0.974884 0.575372 0.934667 0.536653 0.910723 0.511783 0.950940
0 0.992088 0.412440 1.000000 0.395795 0.948591 0.364736 0.938875 0.381382
0 0.959766 0.462626 0.968903 0.444654 0.911663 0.415552 0.902526 0.433525
0 0.999622 0.380924 1.000000 0.362607 0.958562 0.335929 0.948923 0.354246
0 0.999043 0.344454 1.000000 0.328611 0.982311 0.313499 0.973086 0.329342
0 0.925087 0.470145 0.931136 0.455884 0.891151 0.438923 0.885101 0.453184
0 0.998188 0.320064 1.000000 0.307054 0.994219 0.293228 0.982645 0.306237
0 0.964210 0.836397 0.993377 0.821703 0.987588 0.810212 0.958421 0.824907
0 0.889182 0.552309 0.902119 0.530281 0.822681 0.483627 0.809744 0.505655
0 0.897956 0.977830 0.921891 0.966443 0.916354 0.954803 0.892418 0.966191
0 0.915148 0.815881 0.941019 0.798335 0.933764 0.787638 0.907893 0.805185
0 0.980979 0.787084 1.000000 0.773313 0.999187 0.762932 0.975056 0.776704
0 0.789959 0.691620 0.795744 0.679486 0.745877 0.655711 0.740092 0.667845
0 0.764250 0.735854 0.773949 0.719988 0.730741 0.693575 0.721042 0.709441
0 0.593185 0.920439 0.641860 0.868293 0.621201 0.849009 0.572526 0.901154
0 0.940710 0.879124 0.969921 0.865495 0.964008 0.852821 0.934797 0.866450
0 0.921493 0.523027 0.944472 0.484449 0.858086 0.432994 0.835107 0.471572
0 0.974275 0.997864 0.975419 0.985124 0.966816 0.984351 0.965671 0.997091
0 0.785974 0.705194 0.792714 0.690956 0.751551 0.671470 0.744811 0.685708
0 0.708274 0.971506 0.761934 0.903690 0.750036 0.894275 0.696375 0.962091
0 0.895486 0.499009 0.901342 0.489388 0.878549 0.475514 0.872693 0.485135
0 0.783848 0.995543 0.783953 0.981578 0.775542 0.981515 0.775437 0.995479
0 0.886781 0.995937 0.886891 0.984621 0.878826 0.984543 0.878717 0.995858
0 0.798007 0.996402 0.797660 0.980656 0.788682 0.980854 0.789029 0.996600
0 0.892696 0.441699 0.908930 0.416887 0.898515 0.410073 0.882281 0.434884
0 0.858681 0.994856 0.859402 0.982462 0.854026 0.982149 0.853305 0.994543
0 0.869475 0.995437 0.869862 0.984986 0.862694 0.984721 0.862308 0.995172
0 0.964699 0.996305 0.965706 0.985086 0.956286 0.984241 0.955279 0.995460
0 0.986855 0.996427 0.987931 0.984471 0.979405 0.983704 0.978329 0.995660
0 0.728091 0.943641 0.760788 0.902711 0.752632 0.896196 0.719936 0.937126
0 0.808865 0.944730 0.842978 0.914119 0.834300 0.904448 0.800186 0.935059
0 0.520092 1.000000 0.536832 0.991451 0.485413 0.955148 0.468673 0.978858
0 0.851375 0.994925 0.851585 0.982053 0.846292 0.981966 0.846081 0.994839
0 0.835687 0.995385 0.835774 0.984930 0.829080 0.984875 0.828994 0.995330
0 0.774279 0.995634 0.774398 0.982110 0.765954 0.982035 0.765834 0.995559
0 0.872761 0.568280 0.879974 0.556774 0.850662 0.538399 0.843449 0.549906
0 0.818085 0.995143 0.818283 0.984208 0.811655 0.984088 0.811456 0.995023
0 0.879680 0.569070 0.902316 0.529980 0.817683 0.480972 0.795047 0.520062
0 0.951489 0.995817 0.952091 0.984499 0.944005 0.984069 0.943404 0.995387
0 0.827082 0.995223 0.827198 0.984807 0.821188 0.984740 0.821072 0.995157
0 0.603103 0.923086 0.627309 0.899763 0.618278 0.890391 0.594073 0.913713
