0 0.049179 0.418281 0.085650 0.405051 0.080264 0.390205 0.043794 0.403435
0 0.045678 0.398525 0.075010 0.387981 0.070354 0.375027 0.041021 0.385570
0 0.065108 0.329206 0.102940 0.314806 0.097864 0.301469 0.060032 0.315870
0 0.113383 0.595371 0.148527 0.583500 0.143555 0.568778 0.108410 0.580649
0 0.091593 0.531582 0.124581 0.518806 0.118999 0.504395 0.086012 0.517171
0 0.096810 0.418518 0.132797 0.404482 0.127409 0.390669 0.091423 0.404706
0 0.077969 0.363867 0.117394 0.349713 0.112166 0.335151 0.072741 0.349305
0 0.974362 0.091940 0.985447 0.073007 0.940426 0.046647 0.929341 0.065580
0 0.000000 0.726071 0.022691 0.717861 0.018423 0.705577 0.000000 0.713788
0 0.073121 0.483068 0.108838 0.470771 0.103858 0.456307 0.068141 0.468605
0 0.011365 0.354282 0.024932 0.349668 0.011075 0.308917 0.000000 0.313530
0 0.091956 0.399118 0.130788 0.383853 0.125129 0.369459 0.086298 0.384724
0 0.063098 0.468663 0.103076 0.454388 0.097706 0.439349 0.057728 0.453623
0 0.013996 0.667167 0.051686 0.653113 0.046192 0.638381 0.008503 0.652434
0 0.085352 0.382684 0.125991 0.366680 0.120325 0.352294 0.079687 0.368298
0 0.161423 0.580332 0.191766 0.568708 0.186722 0.555540 0.156378 0.567164
0 0.137235 0.529857 0.176798 0.513046 0.170999 0.499400 0.131437 0.516211
0 0.027716 0.346545 0.042455 0.340972 0.026035 0.297546 0.011296 0.303119
0 0.145058 0.549331 0.193679 0.530032 0.187002 0.513212 0.138382 0.532511
0 0.112860 0.576882 0.142466 0.566311 0.137910 0.553551 0.108304 0.564123
0 0.053704 0.435308 0.091107 0.423038 0.086399 0.408688 0.048996 0.420958
0 0.122995 0.491470 0.164317 0.477272 0.158758 0.461093 0.117436 0.475291
0 0.172698 0.622358 0.210875 0.607436 0.204959 0.592301 0.166783 0.607223
0 0.129471 0.507488 0.171514 0.493884 0.166538 0.478505 0.124495 0.492110
0 0.036590 0.732076 0.075833 0.716666 0.069921 0.701611 0.030679 0.717021
0 0.000385 0.598893 0.033391 0.588651 0.028755 0.573711 0.000000 0.583952
0 0.001016 0.562127 0.019565 0.553359 0.012976 0.539420 0.000000 0.548188
0 0.796280 0.845698 0.868713 0.833561 0.864520 0.808540 0.792087 0.820676
0 0.000000 0.616820 0.035090 0.604035 0.030060 0.590163 0.000000 0.602948
0 0.001814 0.707818 0.017211 0.699008 0.009916 0.686261 0.000000 0.695071
0 0.046556 0.340620 0.060658 0.335789 0.046872 0.295545 0.032770 0.300376
0 0.135700 0.660882 0.176259 0.646042 0.170784 0.631080 0.130225 0.645919
0 0.002751 0.761355 0.034201 0.749969 0.029366 0.736613 0.000000 0.747999
0 0.041906 0.384213 0.069260 0.374469 0.064949 0.362367 0.037595 0.372111
0 0.133012 0.641653 0.165543 0.629508 0.160902 0.617075 0.128371 0.629220
0 0.063383 0.311038 0.094844 0.300092 0.090505 0.287621 0.059044 0.298567
0 0.491600 0.063036 0.510821 0.046539 0.457838 0.000000 0.438617 0.001302
0 0.920192 0.234739 0.929399 0.213024 0.839899 0.175077 0.830692 0.196792
0 0.773467 0.618073 0.819317 0.556322 0.808372 0.548195 0.762522 0.609946
0 0.009378 0.542452 0.013018 0.527666 0.000000 0.524440 0.000000 0.539226
0 0.125175 0.651233 0.218041 0.619475 0.108527 0.299233 0.015660 0.330991
0 0.834589 0.380033 0.847101 0.367549 0.780175 0.300473 0.767663 0.312958
0 0.008845 0.774804 0.035313 0.764593 0.030760 0.752790 0.004291 0.763001
0 0.310920 0.132079 0.327551 0.124471 0.295121 0.053580 0.278489 0.061189
0 0.007751 0.688384 0.008181 0.675662 0.000000 0.675329 0.000000 0.688052
0 0.005302 0.226877 0.018839 0.220206 0.003338 0.188749 0.000000 0.195420
0 0.834420 0.687647 0.861367 0.669755 0.853096 0.657298 0.826150 0.675191
0 0.004085 0.776854 0.089693 0.748947 0.017688 0.528062 0.000000 0.555969
0 0.004065 0.218356 0.045250 0.205056 0.019939 0.126678 0.000000 0.139979
0 0.006928 0.355815 0.006406 0.338998 0.000000 0.339202 0.000363 0.356019
0 0.091050 0.771611 0.089565 0.513811 0.000132 0.514327 0.001617 0.772126
0 0.006563 0.672510 0.006776 0.658372 0.000000 0.658265 0.000000 0.672403
0 0.005688 0.524787 0.005915 0.513070 0.000000 0.512942 0.000000 0.524659
