0 0.944261 0.967252 0.968768 0.961925 0.956778 0.906757 0.932270 0.912084
0 0.206454 0.814169 0.210587 0.786698 0.006034 0.755924 0.001902 0.783395
0 0.953208 0.569916 0.965726 0.523809 0.945367 0.518281 0.932849 0.564389
0 0.078721 0.483560 0.085625 0.472164 0.007947 0.425100 0.001043 0.436495
0 0.469167 0.299792 0.474254 0.292103 0.364713 0.219637 0.359627 0.227325
0 0.883263 0.764827 0.904961 0.720783 0.885377 0.711135 0.863679 0.755178
0 0.632546 0.994958 0.633359 0.981994 0.625737 0.981516 0.624925 0.994480
0 0.623813 0.995237 0.624227 0.982136 0.615765 0.981868 0.615351 0.994969
0 0.554475 0.997100 0.554761 0.984730 0.547060 0.984551 0.546774 0.996922
0 0.564802 0.841387 0.583056 0.835031 0.566687 0.788026 0.548434 0.794383
0 0.515620 0.605512 0.590903 0.487781 0.567030 0.472515 0.491747 0.590247
0 0.524411 0.477985 0.536247 0.467174 0.344399 0.257137 0.332563 0.267948
0 0.614142 0.995859 0.614415 0.982049 0.606713 0.981896 0.606440 0.995706
0 0.646382 0.995058 0.646982 0.981918 0.639185 0.981563 0.638586 0.994702
0 0.563567 0.995546 0.563969 0.984240 0.556313 0.983967 0.555911 0.995273
0 0.606277 0.995715 0.606278 0.982024 0.593878 0.982022 0.593877 0.995714
0 0.544609 0.995635 0.544942 0.985116 0.538445 0.984910 0.538112 0.995429
0 0.666853 0.994644 0.667106 0.984046 0.660294 0.983884 0.660041 0.994481
