0 0.848933 0.709719 0.859202 0.698608 0.826371 0.668266 0.816103 0.679377
0 0.855686 0.694172 0.866027 0.685044 0.839990 0.655543 0.829648 0.664670
0 0.826967 0.733877 0.834814 0.723114 0.809499 0.704659 0.801653 0.715421
0 0.840555 0.630973 0.887836 0.620770 0.883823 0.602171 0.836541 0.612374
0 0.859766 0.758877 0.859855 0.740546 0.812687 0.740318 0.812598 0.758648
0 0.868341 0.780697 0.870014 0.763664 0.827769 0.759515 0.826096 0.776547
0 0.884210 0.866171 0.915521 0.837405 0.903140 0.823928 0.871828 0.852694
0 0.855007 0.807669 0.886854 0.786518 0.877506 0.772443 0.845659 0.793594
0 0.828188 0.715986 0.836461 0.704012 0.804112 0.681661 0.795839 0.693635
0 0.836205 0.650458 0.879391 0.645381 0.877472 0.629052 0.834286 0.634129
0 0.878679 0.842972 0.907023 0.816918 0.895973 0.804896 0.867628 0.830950
0 0.865500 0.828693 0.894646 0.803508 0.883581 0.790702 0.854434 0.815886
0 0.022458 0.639206 0.047102 0.591828 0.027603 0.581686 0.002959 0.629063
0 0.298384 0.766085 0.625420 0.712438 0.620569 0.682862 0.293532 0.736509
0 0.209454 1.000000 0.236745 0.985859 0.221827 0.971116 0.194536 0.998729
0 0.716406 0.640404 0.721400 0.632543 0.703681 0.621287 0.698687 0.629148
0 0.783837 0.995418 0.784432 0.981100 0.776019 0.980750 0.775425 0.995068
0 0.757757 0.656643 0.764489 0.648663 0.748501 0.635174 0.741768 0.643154
0 0.773981 0.995147 0.774344 0.981429 0.766086 0.981211 0.765723 0.994929
0 0.089651 0.774757 0.123591 0.745634 0.111648 0.731716 0.077708 0.760839
0 0.797314 0.995480 0.797720 0.981126 0.789462 0.980893 0.789056 0.995246
0 0.764428 0.994994 0.764990 0.981662 0.757258 0.981337 0.756696 0.994669
0 0.851859 0.995321 0.851961 0.981577 0.845943 0.981533 0.845841 0.995276
