0 0.207543 0.303925 0.222166 0.303022 0.219690 0.262943 0.205067 0.263847
0 0.103884 0.115812 0.123937 0.074736 0.108931 0.067410 0.088878 0.108487
0 0.224339 0.303324 0.237520 0.302493 0.235189 0.265504 0.222008 0.266335
0 0.064803 0.096223 0.091263 0.050699 0.076274 0.041987 0.049813 0.087511
0 0.170139 0.213723 0.190326 0.178541 0.178517 0.171764 0.158329 0.206947
0 0.149145 0.205351 0.171282 0.165310 0.157938 0.157932 0.135800 0.197974
0 0.152051 0.359135 0.167659 0.358171 0.165141 0.317412 0.149533 0.318376
0 0.347018 0.087952 0.361949 0.078065 0.330508 0.030587 0.315577 0.040475
0 0.055285 0.163605 0.081416 0.114728 0.064089 0.105464 0.037958 0.154342
0 0.077247 0.361608 0.290265 0.345197 0.283383 0.255857 0.070364 0.272267
0 0.123289 0.126086 0.142889 0.085610 0.128088 0.078443 0.108489 0.118919
0 0.294458 0.176347 0.338405 0.146853 0.329066 0.132938 0.285119 0.162432
0 0.284472 0.153204 0.320398 0.127430 0.312124 0.115898 0.276199 0.141672
0 0.213088 0.242961 0.264072 0.162680 0.064855 0.036164 0.013871 0.116444
0 0.221856 0.041485 0.276570 0.009728 0.267378 0.000000 0.212664 0.025648
0 0.038299 0.147143 0.058715 0.105804 0.044298 0.098683 0.023882 0.140023
0 0.207251 0.175490 0.213373 0.164448 0.184322 0.148342 0.178200 0.159384
0 0.173331 0.151290 0.205208 0.130325 0.197447 0.118525 0.165570 0.139490
0 0.090372 0.313148 0.109432 0.311633 0.104776 0.253038 0.085716 0.254552
0 0.193935 0.109416 0.235042 0.086981 0.227076 0.072386 0.185969 0.094820
0 0.209427 0.226173 0.226035 0.196450 0.214986 0.190277 0.198379 0.219999
0 0.136574 0.192416 0.156791 0.156942 0.144386 0.149873 0.124170 0.185347
0 0.153513 0.140977 0.180216 0.119939 0.172336 0.109937 0.145633 0.130975
0 0.309020 0.189289 0.347573 0.168001 0.341121 0.156316 0.302568 0.177605
0 0.011934 0.144299 0.043651 0.087800 0.025724 0.077736 0.000000 0.134235
0 0.320031 0.266227 0.321402 0.254279 0.287542 0.250393 0.286171 0.262342
0 0.132436 0.365555 0.150574 0.364537 0.148046 0.319502 0.129908 0.320520
0 0.234576 0.335535 0.244586 0.334852 0.243063 0.312526 0.233052 0.313209
0 0.243022 0.194999 0.248889 0.183351 0.217471 0.167527 0.211604 0.179176
0 0.189645 0.346057 0.202007 0.345190 0.199792 0.313620 0.187430 0.314487
0 0.158186 0.311468 0.157829 0.261319 0.139736 0.261447 0.140094 0.311597
0 0.251338 0.071881 0.286659 0.052762 0.279663 0.039837 0.244341 0.058956
0 0.241440 0.305378 0.254319 0.304087 0.251231 0.273292 0.238353 0.274583
0 0.264912 0.300851 0.265796 0.277914 0.256193 0.277544 0.255309 0.300481
0 0.408378 0.171215 0.408158 0.155306 0.361869 0.155946 0.362089 0.171855
0 0.216271 0.123597 0.248498 0.103364 0.240654 0.090870 0.208427 0.111103
0 0.093382 0.364953 0.107890 0.363692 0.104433 0.323899 0.089925 0.325159
0 0.286811 0.078767 0.317324 0.057891 0.309075 0.045833 0.278561 0.066709
0 0.221102 0.339254 0.232342 0.338435 0.230461 0.312633 0.219221 0.313452
0 0.412253 0.183119 0.412111 0.169716 0.371814 0.170143 0.371956 0.183546
0 0.304697 0.302976 0.304298 0.290963 0.269313 0.292125 0.269712 0.304137
0 0.120328 0.500841 0.143133 0.477603 0.134564 0.469194 0.111759 0.492432
0 0.363707 0.130767 0.365074 0.118510 0.334821 0.115137 0.333455 0.127394
0 0.371572 0.144282 0.373924 0.132677 0.341046 0.126014 0.338694 0.137619
0 0.068615 0.293837 0.083322 0.292836 0.080645 0.253480 0.065938 0.254480
0 0.487834 0.355259 0.497385 0.318555 0.483583 0.314964 0.474032 0.351667
0 0.502428 0.362175 0.511433 0.328944 0.496160 0.324806 0.487156 0.358037
0 0.477297 0.342125 0.485991 0.305702 0.471972 0.302356 0.463279 0.338780
0 0.430097 0.325305 0.437889 0.285223 0.421905 0.282115 0.414113 0.322197
0 0.175281 0.032555 0.188531 0.030889 0.185169 0.004148 0.171920 0.005814
0 0.521632 0.287301 0.549673 0.277471 0.546201 0.267567 0.518160 0.277398
0 0.281478 0.130600 0.301833 0.118136 0.296180 0.108904 0.275825 0.121368
0 0.514172 0.276797 0.544123 0.266603 0.540724 0.256618 0.510774 0.266813
0 0.262460 0.320531 0.279681 0.319084 0.278939 0.310254 0.261718 0.311700
0 0.255003 0.090910 0.327456 0.041293 0.278705 0.000000 0.206252 0.019722
0 0.326075 0.209570 0.379650 0.161637 0.309511 0.083242 0.255936 0.131175
0 0.457680 0.318113 0.463939 0.292394 0.452809 0.289685 0.446550 0.315404
0 0.405407 0.198563 0.405374 0.186575 0.373241 0.186663 0.373274 0.198651
0 0.504578 0.267867 0.537126 0.256335 0.533278 0.245475 0.500730 0.257007
0 0.053120 0.368950 0.087059 0.365810 0.080413 0.293967 0.046474 0.297106
