0 0.783170 0.995168 0.783678 0.981521 0.775987 0.981235 0.775480 0.994882
0 0.769549 0.643184 0.808416 0.603650 0.788196 0.583771 0.749329 0.623306
0 0.773730 0.995121 0.774118 0.982183 0.766311 0.981949 0.765923 0.994887
0 0.704868 0.997808 0.705044 0.984792 0.697044 0.984684 0.696869 0.997700
0 0.764279 0.995034 0.764837 0.982073 0.757357 0.981751 0.756798 0.994712
0 0.715416 0.995639 0.715846 0.985067 0.707176 0.984715 0.706746 0.995287
0 0.797179 0.995567 0.797489 0.981575 0.789740 0.981403 0.789430 0.995395
0 0.125995 0.061657 0.132419 0.034675 0.104608 0.028054 0.098184 0.055036
0 0.727849 0.997479 0.728000 0.984556 0.718026 0.984440 0.717875 0.997362
0 0.755640 0.995351 0.756108 0.982130 0.747578 0.981828 0.747110 0.995050
0 0.694899 0.995785 0.695190 0.984904 0.688756 0.984731 0.688465 0.995613
0 0.745794 0.995823 0.747195 0.982906 0.735392 0.981625 0.733991 0.994542
