0 0.783073 0.995195 0.783630 0.981702 0.775998 0.981388 0.775442 0.994881
0 0.797127 0.995637 0.797467 0.982026 0.789834 0.981835 0.789494 0.995447
0 0.773732 0.995158 0.774154 0.982347 0.766312 0.982088 0.765890 0.994900
0 0.835375 0.995268 0.835488 0.985320 0.829223 0.985249 0.829110 0.995196
0 0.851118 0.994835 0.851457 0.982440 0.846506 0.982305 0.846167 0.994699
0 0.818030 0.994817 0.818221 0.984484 0.811623 0.984363 0.811432 0.994695
0 0.715386 0.995769 0.715873 0.984984 0.707342 0.984599 0.706855 0.995384
0 0.858419 0.994446 0.859083 0.982967 0.854077 0.982678 0.853413 0.994156
0 0.764345 0.995164 0.764934 0.982174 0.757275 0.981826 0.756685 0.994817
0 0.867387 0.995195 0.867895 0.984824 0.861225 0.984498 0.860718 0.994868
0 0.886385 0.995236 0.886445 0.984812 0.879425 0.984771 0.879365 0.995196
