0 0.381051 0.031883 0.389968 0.024339 0.374293 0.005813 0.365377 0.013357
0 0.783046 0.995099 0.783574 0.981668 0.776010 0.981371 0.775482 0.994802
0 0.773630 0.995065 0.774067 0.982159 0.766409 0.981900 0.765972 0.994806
0 0.467179 0.155595 0.479256 0.152605 0.472460 0.125157 0.460383 0.128147
0 0.715355 0.995608 0.715766 0.985010 0.707305 0.984681 0.706894 0.995279
0 0.764226 0.995082 0.764811 0.982082 0.757396 0.981748 0.756811 0.994749
0 0.704838 0.997718 0.704945 0.984800 0.697054 0.984735 0.696948 0.997653
0 0.797021 0.995344 0.797414 0.981775 0.789929 0.981558 0.789536 0.995127
0 0.727887 0.997504 0.728055 0.984589 0.718043 0.984459 0.717875 0.997373
0 0.755646 0.995348 0.756105 0.982057 0.747604 0.981763 0.747144 0.995054
0 0.745859 0.995687 0.747026 0.982863 0.735344 0.981800 0.734177 0.994624
