0 0.118143 0.568560 0.132319 0.560247 0.108041 0.518849 0.093866 0.527162
0 0.081814 0.324314 0.084031 0.312142 0.046531 0.305314 0.044315 0.317486
0 0.094073 0.432333 0.138614 0.417434 0.132971 0.400564 0.088430 0.415462
0 0.183191 0.355990 0.200612 0.346946 0.150493 0.250413 0.133073 0.259458
0 0.071608 0.308967 0.073149 0.298561 0.041603 0.293889 0.040062 0.304295
0 0.039984 0.261338 0.041926 0.249771 0.010678 0.244527 0.008737 0.256094
0 0.107978 0.449505 0.146584 0.436061 0.141043 0.420149 0.102437 0.433593
0 0.087093 0.384420 0.122540 0.372835 0.118243 0.359687 0.082796 0.371272
0 0.132826 0.486627 0.170406 0.474339 0.165907 0.460579 0.128326 0.472867
0 0.000000 0.388996 0.015208 0.382493 0.010756 0.371980 0.000000 0.378483
0 0.051894 0.048150 0.077308 0.041458 0.064865 0.000000 0.039452 0.000898
0 0.101137 0.609343 0.117812 0.604122 0.097412 0.538965 0.080737 0.544186
0 0.086688 0.401717 0.123112 0.387708 0.118051 0.374549 0.081627 0.388558
0 0.061060 0.296872 0.062660 0.287371 0.037021 0.283052 0.035420 0.292553
0 0.168153 0.580796 0.184769 0.575328 0.169606 0.529257 0.152991 0.534725
0 0.086490 0.370192 0.123475 0.357941 0.118861 0.344011 0.081876 0.356262
0 0.091046 0.414645 0.128761 0.400901 0.123804 0.387297 0.086088 0.401041
0 0.132468 0.528897 0.170006 0.516964 0.165343 0.502296 0.127806 0.514229
0 0.117116 0.467106 0.152396 0.455325 0.147117 0.439517 0.111838 0.451298
0 0.136774 0.504698 0.172134 0.495586 0.168601 0.481876 0.133241 0.490988
0 0.122842 0.616980 0.134131 0.613112 0.121664 0.576727 0.110375 0.580595
0 0.043611 0.272070 0.045268 0.263156 0.017038 0.257911 0.015381 0.266824
0 0.083708 0.332767 0.106673 0.319846 0.101350 0.310386 0.078385 0.323306
0 0.130416 0.605009 0.144333 0.600348 0.131876 0.563146 0.117959 0.567806
0 0.078632 0.356549 0.113594 0.346024 0.109604 0.332771 0.074642 0.343297
0 0.000801 0.241088 0.018909 0.231464 0.014601 0.223359 0.000000 0.232983
0 0.103817 0.638266 0.115710 0.637229 0.112877 0.604722 0.100984 0.605759
0 0.079507 0.599034 0.090438 0.596764 0.084870 0.569954 0.073939 0.572224
0 0.129971 0.334433 0.165584 0.319949 0.162295 0.311861 0.126682 0.326345
0 0.096668 0.639473 0.107710 0.638451 0.104513 0.603923 0.093471 0.604946
0 0.147127 0.589127 0.163890 0.583833 0.149857 0.539395 0.133093 0.544689
0 0.000000 0.230751 0.011774 0.223986 0.008083 0.217560 0.000000 0.224325
0 0.201310 0.353470 0.213981 0.347105 0.198962 0.317207 0.186291 0.323573
0 0.783106 0.995129 0.783649 0.981501 0.775961 0.981195 0.775418 0.994822
