0 0.782986 0.995146 0.783515 0.981829 0.776042 0.981533 0.775513 0.994850
0 0.950708 0.850375 0.950882 0.836385 0.872505 0.835409 0.872331 0.849400
0 0.732994 0.485784 0.733269 0.475083 0.683630 0.473808 0.683355 0.484509
0 0.773683 0.995096 0.774073 0.982332 0.766320 0.982095 0.765931 0.994859
0 0.421150 0.836036 0.421383 0.823095 0.339655 0.821622 0.339422 0.834563
0 0.293965 0.778649 0.311719 0.754431 0.304748 0.749321 0.286995 0.773539
0 0.597655 0.797610 0.597759 0.787212 0.525345 0.786486 0.525241 0.796885
0 0.727635 0.260189 0.727343 0.248201 0.678359 0.249395 0.678651 0.261383
0 0.764297 0.994998 0.764865 0.982262 0.757403 0.981929 0.756836 0.994666
0 0.796970 0.995344 0.797338 0.982070 0.789927 0.981864 0.789558 0.995138
0 0.715421 0.995542 0.715938 0.985300 0.707391 0.984869 0.706874 0.995111
0 0.706443 0.260834 0.761903 0.259621 0.761652 0.248120 0.706191 0.249333
0 0.633588 0.198373 0.633570 0.186138 0.562208 0.186243 0.562226 0.198478
0 0.715589 0.485094 0.715670 0.473346 0.649472 0.472895 0.649392 0.484642
0 0.835258 0.995231 0.835451 0.985429 0.829291 0.985307 0.829097 0.995109
0 0.727803 0.997434 0.727986 0.984737 0.718111 0.984594 0.717928 0.997291
0 0.817929 0.994832 0.818176 0.984610 0.811754 0.984454 0.811507 0.994677
0 0.704669 0.997634 0.704839 0.984978 0.697150 0.984875 0.696981 0.997532
0 0.851196 0.994913 0.851558 0.982361 0.846536 0.982216 0.846175 0.994769
0 0.745849 0.995667 0.747189 0.982956 0.735494 0.981724 0.734155 0.994435
0 0.755622 0.995224 0.756092 0.982246 0.747597 0.981938 0.747126 0.994916
0 0.858497 0.994488 0.859166 0.982923 0.854067 0.982628 0.853398 0.994193
0 0.886649 0.995305 0.886697 0.984700 0.879119 0.984666 0.879070 0.995270
0 0.867611 0.995260 0.868143 0.984845 0.861163 0.984488 0.860632 0.994903
