0 0.949156 0.039952 0.959902 0.033700 0.945704 0.009300 0.934959 0.015553
0 0.494428 0.066421 0.503732 0.058891 0.489106 0.040819 0.479802 0.048349
0 0.312146 0.037970 0.321549 0.031760 0.309264 0.013157 0.299861 0.019367
0 0.701009 0.215316 0.716387 0.208000 0.696158 0.165482 0.680780 0.172799
0 0.461428 0.177273 0.475921 0.169980 0.456592 0.131570 0.442100 0.138863
0 0.021232 0.536725 0.032131 0.531247 0.020897 0.508898 0.009999 0.514376
0 0.859147 0.317049 0.875834 0.313592 0.867846 0.275032 0.851159 0.278489
0 0.427695 0.010750 0.432766 0.002058 0.422077 0.000000 0.417006 0.004514
0 0.645144 0.055781 0.653125 0.050702 0.643445 0.035489 0.635463 0.040568
0 0.612906 0.264796 0.625631 0.253171 0.598102 0.223040 0.585377 0.234665
0 0.783241 0.995253 0.783652 0.981427 0.775907 0.981197 0.775496 0.995023
0 0.702774 0.389664 0.703222 0.373977 0.694464 0.373727 0.694015 0.389413
0 0.766831 0.964910 0.778728 0.963799 0.776184 0.936551 0.764286 0.937662
0 0.067542 0.254138 0.077117 0.246299 0.061486 0.227207 0.051911 0.235046
0 0.870513 0.560853 0.887422 0.551599 0.864004 0.508807 0.847095 0.518060
0 0.835343 0.995333 0.835494 0.985275 0.829257 0.985182 0.829106 0.995240
0 0.773890 0.995385 0.774230 0.981920 0.766214 0.981717 0.765874 0.995182
0 0.704978 0.997897 0.705158 0.984722 0.697048 0.984611 0.696867 0.997786
0 0.797001 0.995391 0.797295 0.981672 0.789765 0.981511 0.789471 0.995230
0 0.715396 0.995646 0.715783 0.984977 0.707060 0.984661 0.706673 0.995330
0 0.368125 0.896501 0.380393 0.890205 0.365783 0.861734 0.353515 0.868030
0 0.764264 0.995216 0.764814 0.981749 0.757307 0.981442 0.756757 0.994909
0 0.817919 0.994959 0.818155 0.984452 0.811912 0.984312 0.811676 0.994819
0 0.167813 0.476293 0.180345 0.469821 0.165644 0.441350 0.153111 0.447821
0 0.620906 0.530077 0.638331 0.526330 0.629719 0.486289 0.612294 0.490036
0 0.851256 0.994999 0.851573 0.982274 0.846418 0.982146 0.846101 0.994870
0 0.858585 0.994718 0.859290 0.982686 0.854059 0.982380 0.853354 0.994412
0 0.867483 0.995402 0.868032 0.984706 0.861139 0.984352 0.860589 0.995048
0 0.022944 0.285331 0.022972 0.275953 0.003223 0.275895 0.003195 0.285273
0 0.727667 0.997516 0.727853 0.984535 0.717982 0.984394 0.717797 0.997375
0 0.886442 0.995396 0.886532 0.984595 0.879589 0.984537 0.879499 0.995338
0 0.694923 0.995804 0.695199 0.984896 0.688680 0.984731 0.688405 0.995639
