0 0.759379 0.960788 0.787638 0.924797 0.713928 0.866924 0.685669 0.902915
0 0.107581 0.503933 0.110466 0.492934 0.085768 0.486456 0.082883 0.497455
0 0.456209 0.153572 0.464386 0.150100 0.456712 0.132033 0.448536 0.135506
0 0.437075 0.069607 0.443347 0.064054 0.430640 0.049704 0.424369 0.055258
0 0.058799 0.751376 0.065780 0.739474 0.022691 0.714201 0.015710 0.726103
0 0.944869 0.755531 0.959094 0.741238 0.892421 0.674882 0.878196 0.689176
0 0.771390 0.443294 0.779018 0.434833 0.758375 0.416223 0.750748 0.424683
0 0.729841 0.496330 0.733609 0.484668 0.704739 0.475340 0.700971 0.487002
0 0.866272 0.818635 0.877323 0.799509 0.782347 0.744632 0.771297 0.763758
0 0.754075 0.299253 0.761688 0.291549 0.739678 0.269800 0.732065 0.277504
0 0.212417 0.742458 0.213097 0.725984 0.167869 0.724119 0.167189 0.740592
0 0.449280 0.111813 0.455912 0.105768 0.443135 0.091752 0.436503 0.097798
0 0.179907 0.455071 0.181279 0.445624 0.156219 0.441985 0.154847 0.451432
0 0.118592 0.701147 0.130540 0.695871 0.116937 0.665066 0.104989 0.670342
0 0.522353 0.215538 0.527981 0.208240 0.513392 0.196989 0.507764 0.204287
0 0.947382 0.112874 0.948839 0.104554 0.929231 0.101118 0.927773 0.109439
0 0.704430 0.371538 0.711311 0.362904 0.685949 0.342692 0.679068 0.351326
0 0.485813 0.191769 0.492329 0.186021 0.478853 0.170747 0.472338 0.176496
0 0.738853 0.129064 0.750294 0.117644 0.711741 0.079018 0.700299 0.090438
0 0.993315 0.165552 0.995891 0.158570 0.979259 0.152435 0.976684 0.159417
0 0.604401 0.116234 0.617812 0.107779 0.591092 0.065394 0.577680 0.073849
0 0.907928 0.308913 0.917436 0.306804 0.912985 0.286732 0.903477 0.288841
0 0.887389 0.146610 0.896654 0.141482 0.884783 0.120032 0.875518 0.125159
0 0.272742 0.806444 0.274458 0.795904 0.242397 0.790682 0.240681 0.801222
0 0.233645 0.426178 0.241753 0.421472 0.231416 0.403661 0.223307 0.408367
0 0.917041 0.353916 0.926212 0.350536 0.919425 0.332123 0.910255 0.335502
0 0.938751 0.387903 0.946686 0.382723 0.936526 0.367157 0.928590 0.372336
0 0.994710 0.261700 1.000000 0.233188 0.998696 0.224288 0.980649 0.252800
0 0.192946 0.627892 0.202152 0.616404 0.172181 0.592386 0.162975 0.603873
0 0.663172 0.670304 0.664482 0.656859 0.632312 0.653724 0.631002 0.667168
0 0.631463 0.398782 0.635226 0.392689 0.624046 0.385785 0.620283 0.391878
0 0.878377 0.231729 0.886039 0.223483 0.869014 0.207663 0.861352 0.215909
0 0.776292 0.338929 0.782424 0.334502 0.774540 0.323583 0.768408 0.328010
0 0.066816 0.750877 0.075672 0.739056 0.069505 0.734436 0.060650 0.746257
0 0.673734 0.864013 0.676689 0.851927 0.650980 0.845640 0.648025 0.857726
0 0.873180 0.389491 0.877517 0.386486 0.869450 0.374841 0.865113 0.377846
0 0.553531 0.477808 0.553903 0.471584 0.541126 0.470821 0.540755 0.477045
