0 0.349610 0.666562 0.354085 0.640944 0.256194 0.623840 0.251718 0.649458
0 0.278176 0.999650 0.286331 0.972356 0.205605 0.948237 0.197450 0.975531
0 0.501859 0.419187 0.514983 0.364250 0.274613 0.306828 0.261489 0.361765
0 0.534302 0.728487 0.539854 0.685795 0.524276 0.683769 0.518723 0.726461
0 0.333381 0.920234 0.337734 0.899583 0.220913 0.874955 0.216560 0.895606
0 0.319971 0.462581 0.326665 0.440418 0.229223 0.410987 0.222529 0.433151
0 0.783224 0.995267 0.783713 0.981431 0.775925 0.981155 0.775436 0.994992
0 0.432707 0.727630 0.442612 0.723708 0.434929 0.704307 0.425024 0.708230
0 0.773941 0.995523 0.774321 0.982229 0.766230 0.981998 0.765850 0.995291
0 0.867878 0.475991 0.880309 0.469472 0.866051 0.442285 0.853620 0.448804
0 0.704815 0.997771 0.704949 0.984818 0.697148 0.984737 0.697014 0.997690
0 0.797041 0.995726 0.797422 0.981907 0.789774 0.981696 0.789393 0.995515
0 0.715363 0.995543 0.715778 0.985127 0.707265 0.984788 0.706850 0.995204
0 0.764224 0.995043 0.764837 0.981962 0.757487 0.981618 0.756875 0.994699
0 0.720771 0.537346 0.732219 0.532030 0.721236 0.508382 0.709789 0.513698
0 0.041476 0.440312 0.040684 0.417973 0.030836 0.418322 0.031628 0.440661
0 0.593929 0.354444 0.601980 0.342741 0.575999 0.324867 0.567948 0.336570
0 0.694751 0.995752 0.695029 0.984999 0.688778 0.984838 0.688500 0.995591
0 0.835410 0.995375 0.835563 0.985265 0.829237 0.985169 0.829084 0.995279
0 0.282555 0.384827 0.285481 0.363953 0.276724 0.362726 0.273798 0.383600
0 0.625905 0.758652 0.638334 0.753388 0.626736 0.726004 0.614308 0.731267
0 0.755703 0.995516 0.756334 0.981770 0.747912 0.981384 0.747281 0.995129
0 0.818001 0.994830 0.818239 0.984555 0.811724 0.984405 0.811486 0.994680
0 0.886380 0.995291 0.886440 0.984619 0.879428 0.984580 0.879369 0.995252
0 0.851340 0.994935 0.851644 0.982136 0.846449 0.982013 0.846145 0.994812
0 0.727383 0.997502 0.727540 0.984604 0.718096 0.984489 0.717939 0.997387
0 0.469967 0.594991 0.480626 0.588496 0.469062 0.569517 0.458402 0.576012
0 0.032885 0.448822 0.032648 0.420696 0.022766 0.420780 0.023003 0.448905
0 0.867542 0.995235 0.868063 0.984781 0.861215 0.984440 0.860694 0.994894
0 0.858511 0.994538 0.859181 0.982744 0.854029 0.982451 0.853359 0.994245
0 0.471494 0.999416 0.479534 0.995587 0.470684 0.977009 0.462645 0.980838
0 0.745657 0.995833 0.747015 0.983048 0.735632 0.981839 0.734275 0.994624
0 0.547237 0.952207 0.560295 0.947824 0.550286 0.918009 0.537228 0.922392
0 0.428664 0.677452 0.437507 0.670778 0.423840 0.652669 0.414997 0.659342
0 0.914215 0.995381 0.914564 0.984306 0.907080 0.984070 0.906731 0.995145
0 0.025094 0.455499 0.024931 0.419780 0.012957 0.419834 0.013120 0.455553
