0 0.385056 0.122309 0.409322 0.103169 0.400999 0.092617 0.376734 0.111757
0 0.056230 0.377064 0.082725 0.362393 0.076499 0.351150 0.050005 0.365820
0 0.282484 0.088102 0.308351 0.071273 0.301542 0.060808 0.275675 0.077637
0 0.264636 0.138058 0.293523 0.123206 0.287479 0.111450 0.258592 0.126301
0 0.362364 0.172103 0.389235 0.150247 0.380430 0.139422 0.353559 0.161278
0 0.033367 0.601403 0.092894 0.553678 0.066737 0.521053 0.007210 0.568778
0 0.451730 0.099394 0.471132 0.075590 0.461470 0.067716 0.442068 0.091519
0 0.351632 0.059209 0.377631 0.043620 0.371629 0.033610 0.345630 0.049200
0 0.243054 0.365315 0.262371 0.349912 0.255277 0.341016 0.235960 0.356419
0 0.223673 0.403278 0.245155 0.386492 0.237224 0.376342 0.215741 0.393127
0 0.349859 0.237072 0.360863 0.209603 0.348179 0.204521 0.337174 0.231991
0 0.303889 0.330833 0.326084 0.314642 0.319213 0.305223 0.297018 0.321415
0 0.188957 0.389049 0.205685 0.363792 0.195177 0.356833 0.178449 0.382090
0 0.038535 0.232856 0.061203 0.206233 0.050664 0.197260 0.027997 0.223884
0 0.032054 0.329563 0.052229 0.320469 0.047942 0.310956 0.027766 0.320050
0 0.063696 0.037555 0.073568 0.021730 0.030558 0.000000 0.020685 0.010722
0 0.190551 0.500142 0.199533 0.488664 0.168232 0.464167 0.159249 0.475645
0 0.215674 0.117841 0.241417 0.100136 0.233891 0.089193 0.208148 0.106898
0 0.110869 0.244862 0.141926 0.216559 0.132898 0.206652 0.101840 0.234955
0 0.197648 0.279816 0.222171 0.268751 0.216657 0.256532 0.192135 0.267597
0 0.326322 0.282910 0.343379 0.263439 0.333995 0.255218 0.316937 0.274689
0 0.006890 0.273487 0.061034 0.205660 0.050158 0.196978 0.000000 0.264805
0 0.200894 0.520886 0.208445 0.511345 0.161485 0.474179 0.153934 0.483719
0 0.240932 0.180779 0.270192 0.166901 0.264346 0.154576 0.235086 0.168453
0 0.090641 0.550464 0.100600 0.542259 0.073691 0.509600 0.063733 0.517805
0 0.185953 0.545036 0.192470 0.537777 0.143616 0.493915 0.137099 0.501174
0 0.164424 0.561167 0.170947 0.554199 0.124224 0.510460 0.117702 0.517427
0 0.036839 0.548492 0.063566 0.529218 0.056397 0.519276 0.029670 0.538550
0 0.089379 0.006911 0.089330 0.000000 0.075169 0.000000 0.075217 0.007004
