0 0.783131 0.995213 0.783648 0.981640 0.776075 0.981351 0.775558 0.994924
0 0.773743 0.995153 0.774119 0.982144 0.766331 0.981919 0.765955 0.994928
0 0.764238 0.995093 0.764852 0.982070 0.757394 0.981719 0.756780 0.994742
0 0.796999 0.995630 0.797343 0.981888 0.789821 0.981699 0.789477 0.995441
0 0.704834 0.997765 0.705015 0.984795 0.697257 0.984687 0.697075 0.997656
0 0.715311 0.995421 0.715690 0.985174 0.707193 0.984860 0.706815 0.995107
0 0.835310 0.995292 0.835464 0.985355 0.829290 0.985260 0.829136 0.995197
0 0.755527 0.995395 0.756017 0.982169 0.747623 0.981858 0.747132 0.995083
0 0.756613 0.866426 0.769083 0.860471 0.757113 0.835405 0.744642 0.841360
0 0.745789 0.995725 0.747065 0.982937 0.735377 0.981771 0.734101 0.994558
0 0.817877 0.994857 0.818088 0.984575 0.811885 0.984448 0.811674 0.994729
0 0.851330 0.995037 0.851643 0.982227 0.846417 0.982099 0.846104 0.994909
0 0.858552 0.994613 0.859270 0.982675 0.854091 0.982363 0.853373 0.994302
0 0.867414 0.995388 0.867953 0.984757 0.861231 0.984417 0.860693 0.995047
0 0.694707 0.995722 0.694997 0.984929 0.688796 0.984762 0.688506 0.995555
0 0.727403 0.997431 0.727642 0.984733 0.718094 0.984553 0.717855 0.997251
0 0.886355 0.995345 0.886413 0.984785 0.879690 0.984748 0.879632 0.995308
0 0.869185 0.995034 0.869556 0.984911 0.863013 0.984671 0.862642 0.994794
0 0.826858 0.994976 0.827004 0.985185 0.821566 0.985104 0.821419 0.994895
0 0.645942 0.812011 0.660933 0.808346 0.652597 0.774245 0.637606 0.777909
0 0.808025 0.995091 0.808046 0.983420 0.802716 0.983411 0.802695 0.995082
0 0.805132 0.995025 0.805086 0.982753 0.799549 0.982774 0.799595 0.995046
0 0.914166 0.995405 0.914550 0.984393 0.907158 0.984136 0.906775 0.995148
