0 0.557505 0.269404 0.569777 0.265345 0.560672 0.237813 0.548400 0.241871
0 0.349870 0.957145 0.366001 0.926453 0.353027 0.919634 0.336895 0.950326
0 0.496038 1.000000 0.497906 0.990251 0.483670 0.988228 0.481802 1.000000
0 0.360083 0.090777 0.377301 0.088300 0.371685 0.049260 0.354467 0.051737
0 0.153686 0.079240 0.166993 0.046783 0.152704 0.040924 0.139396 0.073381
0 0.693506 0.398815 0.700695 0.365164 0.685438 0.361905 0.678249 0.395556
0 0.158219 0.266679 0.166830 0.224846 0.148799 0.221134 0.140188 0.262968
0 0.468153 0.531240 0.467152 0.499136 0.453280 0.499569 0.454281 0.531672
0 0.783189 0.995244 0.783747 0.981421 0.775941 0.981106 0.775382 0.994929
0 0.715465 0.995486 0.715843 0.985105 0.707300 0.984794 0.706922 0.995175
0 0.797039 0.995667 0.797397 0.981815 0.789709 0.981616 0.789351 0.995469
0 0.704790 0.997680 0.704969 0.984789 0.697109 0.984680 0.696930 0.997571
