0 0.796284 0.144320 0.867058 0.132990 0.863119 0.108388 0.792346 0.119717
0 0.836318 0.313764 0.917538 0.274659 0.909204 0.257350 0.827984 0.296455
0 0.940089 0.434613 0.993208 0.392210 0.975392 0.369891 0.922272 0.412293
0 0.000718 0.025161 0.022437 0.017522 0.018139 0.005305 0.000000 0.012944
0 0.009458 0.075077 0.083589 0.041474 0.055695 0.000000 0.000000 0.013540
0 0.036964 0.031558 0.074015 0.016904 0.068521 0.003014 0.031470 0.017668
0 0.004212 0.060135 0.034192 0.049303 0.029795 0.037134 0.000000 0.047966
0 0.004519 0.010945 0.013115 0.002001 0.006041 0.000000 0.000000 0.004147
0 0.009286 0.075136 0.036175 0.064549 0.031447 0.052541 0.004558 0.063129
0 0.783221 0.995325 0.783712 0.981619 0.775852 0.981337 0.775361 0.995043
0 0.773980 0.995472 0.774407 0.982202 0.766216 0.981938 0.765788 0.995208
0 0.797350 0.995975 0.797678 0.981985 0.789548 0.981795 0.789221 0.995785
0 0.764381 0.995277 0.765041 0.982044 0.757290 0.981658 0.756631 0.994891
0 0.886612 0.995488 0.886694 0.984647 0.879676 0.984594 0.879593 0.995435
0 0.835642 0.995470 0.835747 0.985044 0.829059 0.984977 0.828955 0.995403
0 0.818101 0.994943 0.818308 0.984317 0.811528 0.984185 0.811321 0.994811
0 0.584253 0.372943 0.584868 0.304869 0.567224 0.304710 0.566609 0.372783
