0 0.937815 0.247468 0.946977 0.204190 0.931218 0.200853 0.922056 0.244131
0 0.588610 0.529547 0.610243 0.518543 0.605758 0.509724 0.584124 0.520728
0 0.645901 0.438417 0.652027 0.412635 0.641666 0.410173 0.635540 0.435955
0 0.797044 0.385459 0.809411 0.382899 0.803175 0.352769 0.790808 0.355328
0 0.615499 0.526477 0.636133 0.520668 0.633698 0.512019 0.613065 0.517828
0 0.935749 0.925240 0.943100 0.914356 0.914961 0.895351 0.907610 0.906234
0 0.619506 0.424275 0.629664 0.401935 0.619815 0.397456 0.609656 0.419797
0 0.977638 0.980738 0.987745 0.973349 0.967992 0.946329 0.957885 0.953718
0 0.882913 0.524216 0.894624 0.522529 0.890052 0.490786 0.878341 0.492473
0 0.623867 0.611380 0.644402 0.608782 0.643340 0.600385 0.622805 0.602983
0 0.587820 0.518105 0.606858 0.506477 0.602032 0.498574 0.582993 0.510202
0 0.652453 0.603648 0.674528 0.600554 0.673309 0.591859 0.651234 0.594953
0 0.769449 0.749586 0.799036 0.700686 0.782402 0.690622 0.752815 0.739521
0 0.862026 0.329799 0.868930 0.298014 0.857339 0.295496 0.850434 0.327281
0 0.718850 0.351756 0.723557 0.341880 0.694060 0.327823 0.689353 0.337700
0 0.988409 0.969960 0.998033 0.962375 0.977884 0.936810 0.968260 0.944395
0 0.595602 0.542329 0.614692 0.535141 0.611558 0.526820 0.592469 0.534009
0 0.735475 0.324602 0.759598 0.313152 0.755443 0.304398 0.731320 0.315849
0 0.997654 0.959197 1.000000 0.951334 0.985902 0.919704 0.974948 0.927567
0 0.651995 0.688601 0.672433 0.682675 0.670101 0.674635 0.649664 0.680561
0 0.955598 0.827239 0.966299 0.813914 0.923586 0.779612 0.912885 0.792936
0 0.721017 0.316921 0.744017 0.303522 0.738562 0.294159 0.715562 0.307557
0 0.635413 0.558320 0.652920 0.544960 0.647464 0.537810 0.629957 0.551170
0 0.880065 0.402615 0.880459 0.365957 0.867760 0.365820 0.867366 0.402479
0 0.742730 0.332449 0.765821 0.323027 0.761972 0.313594 0.738881 0.323016
0 0.591536 0.437057 0.595363 0.429587 0.574520 0.418910 0.570693 0.426381
0 0.586963 0.424557 0.590069 0.417132 0.571090 0.409192 0.567984 0.416616
0 0.825016 0.282675 0.841389 0.265149 0.833712 0.257976 0.817339 0.275503
0 0.625291 0.602386 0.647589 0.597220 0.645414 0.587834 0.623117 0.593000
0 0.988583 0.849257 0.996753 0.837435 0.966554 0.816563 0.958383 0.828386
0 0.893018 0.625002 0.907788 0.623285 0.902770 0.580120 0.888001 0.581837
0 0.650461 0.624702 0.673543 0.621873 0.672417 0.612690 0.649336 0.615519
0 0.831405 0.554485 0.853221 0.534847 0.844937 0.525644 0.823120 0.545282
0 0.943987 0.896753 0.950144 0.886912 0.925723 0.871632 0.919566 0.881473
0 0.876536 0.199455 0.886047 0.173759 0.875129 0.169718 0.865618 0.195414
0 0.919602 0.929092 0.925803 0.920652 0.904683 0.905136 0.898483 0.913575
0 0.922399 0.399601 0.936262 0.399208 0.935098 0.358198 0.921236 0.358592
0 0.897260 0.975821 0.987607 0.832138 0.924431 0.792413 0.834085 0.936097
0 0.937811 0.845686 0.949109 0.830879 0.908935 0.800224 0.897637 0.815031
0 0.623004 0.656175 0.643495 0.654170 0.642520 0.644199 0.622028 0.646205
0 0.604675 0.463279 0.605889 0.454448 0.582846 0.451282 0.581632 0.460113
0 0.912392 0.936544 0.918383 0.928422 0.898929 0.914072 0.892938 0.922195
0 0.633541 0.696423 0.651042 0.692378 0.649049 0.683759 0.631548 0.687804
0 0.646647 0.614519 0.672819 0.611865 0.671826 0.602075 0.645654 0.604729
0 0.777535 0.864990 0.798146 0.827772 0.785248 0.820629 0.764638 0.857848
0 0.912022 0.196277 0.932420 0.183156 0.926371 0.173751 0.905972 0.186872
0 0.648673 0.702014 0.666255 0.694887 0.662995 0.686846 0.645413 0.693973
0 0.585384 0.444547 0.588639 0.438032 0.573576 0.430505 0.570320 0.437020
0 0.899947 0.950343 0.905496 0.942413 0.888153 0.930276 0.882603 0.938205
0 0.960003 0.116521 0.983744 0.097995 0.976594 0.088832 0.952853 0.107358
0 0.581278 0.451155 0.584268 0.444680 0.568902 0.437584 0.565912 0.444058
0 1.000000 0.496914 1.000000 0.465305 0.987196 0.465591 0.987854 0.497199
0 0.724506 0.342726 0.729724 0.331244 0.666567 0.302544 0.661349 0.314026
0 0.628253 0.678829 0.648089 0.675593 0.646658 0.666828 0.626823 0.670065
0 0.894553 0.914122 0.906526 0.894259 0.897905 0.889062 0.885931 0.908925
0 0.597423 0.407585 0.599625 0.399110 0.579455 0.393869 0.577253 0.402343
0 0.703077 0.304104 0.720872 0.293692 0.716526 0.286263 0.698730 0.296676
0 0.653221 0.742429 0.670950 0.737574 0.668723 0.729442 0.650995 0.734297
0 0.932745 0.150857 0.956948 0.130645 0.949119 0.121271 0.924916 0.141483
0 0.744041 0.798352 0.762806 0.768979 0.751364 0.761670 0.732599 0.791043
0 0.652320 0.442637 0.682779 0.367311 0.599790 0.333754 0.569331 0.409079
0 0.816081 0.721625 0.828128 0.697512 0.817490 0.692198 0.805443 0.716310
0 0.650292 0.368361 0.655965 0.356761 0.630605 0.344358 0.624932 0.355958
0 0.963490 0.121272 0.987094 0.103139 0.979770 0.093606 0.956167 0.111739
0 0.625550 0.627157 0.644104 0.625857 0.643594 0.618586 0.625041 0.619886
0 0.624339 0.635615 0.642808 0.634018 0.642044 0.625188 0.623575 0.626786
0 0.652403 0.729334 0.663958 0.719954 0.659385 0.714320 0.647830 0.723700
0 0.764217 0.860637 0.849811 0.715031 0.792809 0.681523 0.707214 0.827129
0 0.647288 0.669447 0.664684 0.664947 0.662813 0.657712 0.645416 0.662212
0 0.560877 0.459560 0.562456 0.453987 0.548754 0.450104 0.547175 0.455677
0 0.809233 0.102929 0.833391 0.093743 0.809861 0.031865 0.785703 0.041051
0 0.851484 0.995371 0.852143 0.981393 0.845930 0.981101 0.845272 0.995078
0 0.771801 0.094935 0.784003 0.093072 0.775078 0.034603 0.762876 0.036466
0 0.858726 0.995031 0.859557 0.982164 0.853968 0.981803 0.853136 0.994669
0 0.974598 0.998813 0.976097 0.984090 0.966854 0.983149 0.965355 0.997872
0 0.650554 0.586976 0.664868 0.583410 0.663262 0.576963 0.648948 0.580529
0 0.997566 0.996175 0.998139 0.984498 0.988721 0.984036 0.988149 0.995714
