0 0.571712 1.000000 0.576859 0.988678 0.550217 0.981195 0.545069 0.999522
0 0.783131 0.995196 0.783649 0.981582 0.775938 0.981288 0.775421 0.994903
0 0.797041 0.995592 0.797335 0.981968 0.789794 0.981805 0.789500 0.995429
0 0.316326 1.000000 0.322472 0.988799 0.303041 0.982503 0.296894 1.000000
0 0.961008 0.590240 0.968670 0.574168 0.928196 0.554874 0.920534 0.570946
0 0.773825 0.995231 0.774232 0.982280 0.766287 0.982031 0.765880 0.994981
0 0.835342 0.995288 0.835442 0.985204 0.829224 0.985142 0.829125 0.995227
0 0.867109 0.995206 0.867716 0.984678 0.861338 0.984310 0.860731 0.994838
0 0.851159 0.994861 0.851515 0.982242 0.846464 0.982100 0.846109 0.994719
0 0.817997 0.994868 0.818160 0.984361 0.811697 0.984261 0.811534 0.994768
0 0.858420 0.994506 0.859159 0.982471 0.854092 0.982160 0.853353 0.994195
