0 0.264824 0.344355 0.380710 0.265759 0.333857 0.196677 0.217971 0.275274
0 0.380231 0.280791 0.392637 0.271104 0.361397 0.231097 0.348992 0.240784
0 0.542479 0.141065 0.555388 0.110593 0.542263 0.105033 0.529354 0.135505
0 0.360667 0.090099 0.381729 0.053205 0.366974 0.044782 0.345912 0.081675
0 0.331848 0.306289 0.342217 0.299236 0.321092 0.268179 0.310723 0.275231
0 0.301113 0.264015 0.312555 0.255991 0.287738 0.220602 0.276296 0.228626
0 0.187541 0.741334 0.190754 0.729859 0.156407 0.720243 0.153194 0.731719
0 0.482031 0.250068 0.495953 0.248349 0.490798 0.206587 0.476876 0.208305
0 0.290123 0.271419 0.299490 0.264113 0.279769 0.238832 0.270403 0.246139
0 0.487519 0.199304 0.500369 0.168896 0.488679 0.163956 0.475829 0.194365
0 0.237052 0.226563 0.244411 0.215848 0.216849 0.196918 0.209490 0.207632
0 0.290181 0.150207 0.298133 0.138012 0.267963 0.118340 0.260011 0.130535
0 0.620186 0.375390 0.673396 0.290844 0.599260 0.244186 0.546050 0.328732
0 0.279316 0.281424 0.289129 0.274163 0.269865 0.248131 0.260053 0.255392
0 0.665968 0.094738 0.670125 0.057503 0.657637 0.056109 0.653479 0.093344
0 0.336311 0.286431 0.346075 0.280207 0.330122 0.255180 0.320358 0.261404
0 0.552849 0.321385 0.569999 0.295069 0.560179 0.288668 0.543029 0.314985
0 0.329120 0.242916 0.340279 0.236505 0.323153 0.206694 0.311994 0.213106
0 0.326512 0.381365 0.367070 0.366334 0.362315 0.353504 0.321757 0.368535
0 0.256478 0.129224 0.267069 0.116422 0.224854 0.081499 0.214264 0.094301
0 0.401862 0.140997 0.414081 0.138252 0.407250 0.107837 0.395031 0.110581
0 0.295383 0.310531 0.304110 0.303828 0.287360 0.282020 0.278633 0.288723
0 0.573196 0.035088 0.576534 0.011778 0.565842 0.010248 0.562505 0.033557
0 0.282223 0.313863 0.290772 0.308154 0.277749 0.288654 0.269201 0.294363
0 0.175819 0.758730 0.177789 0.748493 0.151336 0.743401 0.149365 0.753639
0 0.070923 0.050188 0.101659 0.001938 0.084820 0.000000 0.054084 0.039461
0 0.244727 0.197444 0.250697 0.187898 0.227305 0.173271 0.221336 0.182817
0 0.597810 0.365429 0.605800 0.356634 0.582966 0.335893 0.574977 0.344688
0 0.480877 0.061323 0.493391 0.058347 0.487121 0.031983 0.474607 0.034959
0 0.240675 0.146586 0.251417 0.131848 0.210188 0.101798 0.199446 0.116536
0 0.517990 0.371664 0.524009 0.349342 0.514814 0.346862 0.508795 0.369185
0 0.220941 0.230383 0.226932 0.222112 0.206085 0.207014 0.200095 0.215286
0 0.205558 0.273092 0.288018 0.136500 0.226457 0.099336 0.143997 0.235928
0 0.347650 0.235470 0.359885 0.227325 0.342166 0.200706 0.329931 0.208850
0 0.621197 0.158735 0.624383 0.133159 0.613444 0.131797 0.610259 0.157373
0 0.736283 0.049608 0.737783 0.025933 0.726734 0.025233 0.725234 0.048908
0 0.302199 0.299566 0.310554 0.293606 0.297261 0.274974 0.288907 0.280934
0 0.196750 0.214484 0.208172 0.195231 0.199673 0.190189 0.188251 0.209443
0 0.666670 0.019151 0.677791 0.016416 0.672978 0.000000 0.661857 0.000000
0 0.213736 0.236691 0.219060 0.228867 0.200329 0.216119 0.195004 0.223943
0 0.321169 0.347000 0.347585 0.331756 0.342637 0.323183 0.316221 0.338426
0 0.200759 0.251183 0.206115 0.243523 0.189517 0.231918 0.184162 0.239578
0 0.258238 0.294864 0.266674 0.289327 0.253882 0.269841 0.245446 0.275378
0 0.200883 0.854343 0.232082 0.836343 0.225200 0.824415 0.194001 0.842415
0 0.118775 0.023331 0.129760 0.000000 0.117842 0.000000 0.106857 0.017731
0 0.355220 0.964707 0.420417 0.946027 0.415784 0.929859 0.350588 0.948540
0 0.575967 0.300596 0.589401 0.279576 0.580379 0.273809 0.566945 0.294829
0 0.572279 0.338811 0.577167 0.330999 0.558568 0.319362 0.553680 0.327174
0 0.338871 0.954240 0.375742 0.942898 0.371510 0.929139 0.334638 0.940480
0 0.430742 0.014229 0.446304 0.004572 0.439220 0.000000 0.423658 0.002813
0 0.524536 0.375802 0.533201 0.354079 0.525374 0.350957 0.516709 0.372679
0 0.241498 0.302167 0.252057 0.296023 0.238775 0.273195 0.228216 0.279339
0 0.562910 0.404898 0.573178 0.389895 0.567026 0.385684 0.556757 0.400687
0 0.078775 0.167410 0.100435 0.129479 0.087590 0.122144 0.065930 0.160075
0 0.500202 0.396261 0.510106 0.376119 0.501081 0.371681 0.491177 0.391823
0 0.536254 0.385823 0.547323 0.366049 0.539587 0.361719 0.528518 0.381493
0 0.045917 0.099190 0.064227 0.070600 0.052890 0.063339 0.034580 0.091930
0 0.555249 0.400508 0.566612 0.385150 0.560157 0.380374 0.548794 0.395732
0 0.591401 0.277164 0.602785 0.255351 0.593445 0.250476 0.582060 0.272289
0 0.548827 0.395429 0.559955 0.379859 0.553770 0.375439 0.542642 0.391009
0 0.541698 0.389943 0.552798 0.372389 0.545840 0.367989 0.534739 0.385543
0 0.657106 0.017235 0.667075 0.015033 0.663495 0.000000 0.653526 0.001029
0 0.530322 0.381483 0.540598 0.358969 0.532845 0.355430 0.522569 0.377944
0 0.570684 0.407475 0.579705 0.392734 0.573282 0.388803 0.564260 0.403544
0 0.278611 0.762820 0.298823 0.749859 0.293170 0.741044 0.272958 0.754005
0 0.304988 0.406341 0.312177 0.401271 0.298290 0.381579 0.291101 0.386648
0 0.059103 0.185833 0.154133 0.022764 0.071099 0.000000 0.000000 0.137444
0 0.267995 0.344242 0.282372 0.335647 0.278195 0.328661 0.263818 0.337256
0 0.358931 0.276125 0.366585 0.270563 0.354485 0.253912 0.346831 0.259474
0 0.430461 0.184388 0.440537 0.182602 0.436952 0.162381 0.426876 0.164167
0 0.287086 0.861085 0.314321 0.848291 0.309229 0.837451 0.281994 0.850245
0 0.322459 0.434909 0.384086 0.382631 0.339546 0.330126 0.277919 0.382404
0 0.581248 0.414161 0.587356 0.402762 0.581346 0.399541 0.575238 0.410940
