0 0.105560 0.152103 0.154468 0.141408 0.150150 0.121664 0.101243 0.132359
0 0.050240 0.337211 0.095069 0.331777 0.093143 0.315888 0.048314 0.321322
0 0.199780 0.292810 0.245101 0.274564 0.237940 0.256778 0.192620 0.275024
0 0.166970 0.353946 0.167781 0.337789 0.122676 0.335526 0.121866 0.351683
0 0.818534 0.045392 0.854268 0.015103 0.842050 0.000690 0.806317 0.030978
0 0.783075 0.995175 0.783588 0.981587 0.775915 0.981298 0.775403 0.994886
0 0.797128 0.995663 0.797502 0.982060 0.789793 0.981848 0.789418 0.995451
0 0.930648 0.292952 0.966965 0.256694 0.952010 0.241714 0.915693 0.277973
0 0.475079 0.063497 0.482697 0.052465 0.477091 0.048594 0.469474 0.059626
0 0.773767 0.995234 0.774232 0.982299 0.766282 0.982014 0.765817 0.994949
0 0.697106 0.547068 0.697069 0.538399 0.630502 0.538684 0.630539 0.547353
0 0.715315 0.995830 0.715912 0.984977 0.707325 0.984504 0.706728 0.995357
0 0.851162 0.994940 0.851495 0.982279 0.846487 0.982147 0.846154 0.994808
0 0.835356 0.995296 0.835522 0.985371 0.829240 0.985266 0.829074 0.995191
0 0.834338 0.561121 0.870677 0.522290 0.855196 0.507803 0.818857 0.546634
0 0.764313 0.995158 0.764937 0.982129 0.757304 0.981763 0.756680 0.994793
0 0.818032 0.994839 0.818276 0.984489 0.811694 0.984334 0.811450 0.994684
0 0.083699 0.013313 0.084728 0.000691 0.070991 0.000000 0.069961 0.012192
