0 0.654828 0.391926 0.665635 0.374361 0.620434 0.346552 0.609628 0.364118
0 0.299698 0.221480 0.311917 0.203903 0.266105 0.172056 0.253886 0.189633
0 0.783127 0.995131 0.783667 0.981687 0.775974 0.981378 0.775433 0.994822
0 0.057760 0.487571 0.138507 0.487479 0.138493 0.474797 0.057745 0.474889
0 0.926665 0.273977 0.926846 0.264360 0.856591 0.263036 0.856410 0.272653
0 0.773749 0.995051 0.774141 0.982213 0.766276 0.981973 0.765885 0.994811
0 0.796995 0.995265 0.797375 0.981884 0.789900 0.981672 0.789520 0.995053
0 0.764354 0.995050 0.764925 0.982090 0.757345 0.981756 0.756774 0.994716
0 0.955189 0.110879 0.955030 0.100701 0.884907 0.101795 0.885066 0.111973
0 0.835413 0.995276 0.835447 0.985113 0.829136 0.985091 0.829102 0.995255
0 0.851251 0.994664 0.851576 0.982260 0.846495 0.982127 0.846169 0.994530
