0 0.971373 0.074098 0.983581 0.050135 0.971895 0.044182 0.959687 0.068145
0 0.870297 0.226086 0.883542 0.222909 0.875651 0.190012 0.862406 0.193190
0 0.857422 0.966478 0.866944 0.925288 0.849259 0.921199 0.839737 0.962389
0 0.853928 0.779077 0.867334 0.746158 0.852799 0.740239 0.839393 0.773158
0 0.815249 0.658395 0.826399 0.628844 0.813497 0.623975 0.802347 0.653526
0 0.988107 0.446776 1.000000 0.433415 0.998347 0.420642 0.979196 0.434004
0 0.598893 0.387556 0.716956 0.370103 0.714664 0.354595 0.596601 0.372048
0 0.783106 0.995203 0.783593 0.981585 0.776024 0.981315 0.775538 0.994933
0 0.773738 0.995239 0.774117 0.982179 0.766374 0.981954 0.765996 0.995015
0 0.764217 0.995079 0.764799 0.982129 0.757400 0.981797 0.756819 0.994747
0 0.604135 0.399595 0.717916 0.361918 0.714052 0.350248 0.600271 0.387925
0 0.796998 0.995451 0.797323 0.981858 0.789849 0.981679 0.789524 0.995273
0 0.715341 0.995648 0.715835 0.985060 0.707223 0.984658 0.706728 0.995246
0 0.755557 0.995271 0.756033 0.982091 0.747569 0.981785 0.747093 0.994966
0 0.974394 0.997756 0.975532 0.985229 0.966931 0.984448 0.965793 0.996975
0 0.886423 0.995504 0.886479 0.984832 0.879296 0.984795 0.879241 0.995467
0 0.835440 0.995418 0.835684 0.985253 0.829226 0.985097 0.828982 0.995262
0 0.817883 0.994981 0.818153 0.984529 0.811947 0.984369 0.811678 0.994821
0 0.745697 0.995621 0.746911 0.982967 0.735505 0.981873 0.734292 0.994527
