0 0.384525 0.638828 0.394183 0.578280 0.364835 0.573598 0.355177 0.634146
0 0.997853 0.370502 1.000000 0.330103 0.989978 0.325203 0.979305 0.365602
0 0.181291 0.796052 0.204765 0.794581 0.201445 0.741579 0.177970 0.743049
0 0.033317 0.456943 0.036631 0.405340 0.012570 0.403795 0.009256 0.455398
0 0.072088 0.015870 0.071826 0.000000 0.057369 0.000000 0.057630 0.016092
0 0.802027 0.018681 0.807466 0.000488 0.795615 0.000000 0.790176 0.015139
0 0.111401 0.764234 0.134897 0.746714 0.117949 0.723985 0.094453 0.741505
0 0.471916 0.858643 0.489231 0.849575 0.469504 0.811906 0.452190 0.820973
0 0.644600 0.013337 0.645818 0.000000 0.627509 0.000000 0.626291 0.011752
0 0.783152 0.995091 0.783601 0.981635 0.775874 0.981377 0.775425 0.994834
0 0.124808 0.693007 0.134137 0.686044 0.115121 0.660564 0.105792 0.667526
