0 0.218508 0.570042 0.231418 0.524203 0.211161 0.518497 0.198250 0.564336
0 0.608810 0.898783 0.624642 0.885301 0.591324 0.846177 0.575493 0.859659
0 0.209887 0.967617 0.234485 0.962020 0.221898 0.906703 0.197300 0.912300
0 0.702656 0.685077 0.724663 0.680359 0.713284 0.627278 0.691277 0.631996
0 0.148940 0.764778 0.170563 0.721169 0.150994 0.711465 0.129371 0.755074
0 0.595062 0.662956 0.617471 0.655557 0.599427 0.600907 0.577018 0.608306
0 0.012268 0.603478 0.011703 0.555883 0.000000 0.556043 0.000000 0.603637
0 0.358694 0.492318 0.376139 0.478461 0.342837 0.436539 0.325393 0.450396
0 0.530067 0.376126 0.551444 0.373091 0.544519 0.324307 0.523142 0.327342
0 0.321263 0.854827 0.322530 0.810972 0.302430 0.810391 0.301163 0.854246
0 0.434802 0.346085 0.456097 0.339921 0.441727 0.290275 0.420432 0.296439
0 0.411394 0.671630 0.429481 0.666152 0.416645 0.623771 0.398558 0.629249
0 0.349583 0.601961 0.358165 0.588614 0.325289 0.567478 0.316708 0.580826
0 0.726423 0.831640 0.745285 0.827306 0.733399 0.775578 0.714538 0.779912
0 0.291424 0.045636 0.306178 0.036921 0.283763 0.000000 0.269009 0.007689
