0 0.171512 0.293973 0.191032 0.291156 0.165817 0.116485 0.146298 0.119303
0 0.654794 0.849403 0.667509 0.836294 0.627619 0.797601 0.614903 0.810710
0 0.783221 0.995257 0.783798 0.981373 0.776007 0.981049 0.775429 0.994933
0 0.773795 0.995132 0.774166 0.981826 0.766252 0.981605 0.765881 0.994912
0 0.797108 0.995622 0.797461 0.981402 0.789838 0.981213 0.789484 0.995432
0 0.764282 0.995118 0.764872 0.981729 0.757345 0.981397 0.756755 0.994787
0 0.715610 0.995628 0.716082 0.985039 0.707012 0.984634 0.706540 0.995223
0 0.835435 0.995280 0.835533 0.985144 0.829135 0.985083 0.829037 0.995219
0 0.818052 0.994933 0.818267 0.984125 0.811775 0.983996 0.811560 0.994804
0 0.704996 0.997836 0.705131 0.984651 0.696989 0.984568 0.696853 0.997752
