0 0.034248 0.025213 0.033427 0.000000 0.015313 0.000499 0.016134 0.025800
0 0.331442 0.067738 0.346561 0.060452 0.328995 0.024001 0.313875 0.031287
0 0.776475 0.633866 0.776370 0.624854 0.741005 0.625266 0.741110 0.634279
0 0.739615 0.635901 0.739608 0.624758 0.694666 0.624787 0.694674 0.635930
0 0.421416 0.966282 0.425983 0.956863 0.405314 0.946843 0.400747 0.956262
0 0.432278 0.951212 0.437845 0.940667 0.413201 0.927657 0.407634 0.938202
0 0.516835 1.000000 0.528679 0.999473 0.510044 0.979258 0.498200 0.990176
0 0.489172 1.000000 0.508337 0.987321 0.408694 0.933873 0.389528 0.969605
0 0.154995 0.009859 0.154972 0.000000 0.134804 0.000000 0.134826 0.009904
0 0.715412 0.995649 0.715990 0.985192 0.707013 0.984697 0.706436 0.995153
