0 0.842182 0.636208 0.924433 0.608188 0.910242 0.566530 0.827991 0.594550
0 0.112986 0.867009 0.195423 0.841207 0.125681 0.618387 0.043244 0.644190
0 0.146159 0.815025 0.188664 0.799940 0.183707 0.785972 0.141202 0.801057
0 0.001806 0.827812 0.037666 0.821815 0.035460 0.808621 0.000000 0.814618
0 0.068137 0.479959 0.073740 0.466609 0.033596 0.449759 0.027993 0.463109
0 0.000000 0.762007 0.027376 0.757535 0.025451 0.745457 0.000000 0.749929
0 0.120707 0.736504 0.157040 0.724274 0.152479 0.710722 0.116146 0.722952
0 0.109727 0.842762 0.139155 0.832618 0.134985 0.820519 0.105557 0.830662
0 0.084001 0.765661 0.115140 0.755409 0.110939 0.742649 0.079800 0.752900
0 0.080619 0.521020 0.087570 0.507465 0.044054 0.485149 0.037103 0.498704
0 0.000000 0.746701 0.023591 0.742326 0.021323 0.729583 0.000000 0.733958
0 0.000000 0.780075 0.027856 0.775437 0.025696 0.762137 0.000000 0.766775
0 0.000000 0.795761 0.032241 0.789371 0.029735 0.776691 0.000000 0.783081
0 0.086396 0.542685 0.093473 0.528343 0.048126 0.505970 0.041050 0.520312
0 0.005469 0.859903 0.043773 0.851824 0.040981 0.838584 0.002676 0.846663
0 0.000000 0.811746 0.029615 0.805424 0.026964 0.792890 0.000000 0.799212
0 0.485192 0.832854 0.543637 0.789214 0.367062 0.552734 0.308617 0.596373
0 0.005181 0.894207 0.046511 0.885832 0.043480 0.870874 0.002151 0.879249
0 0.006912 0.875108 0.040345 0.868854 0.037912 0.855843 0.004478 0.862097
0 0.105402 0.690048 0.137487 0.679555 0.133424 0.667132 0.101339 0.677626
0 0.102254 0.809878 0.131604 0.800320 0.127755 0.788500 0.098405 0.798059
0 0.097220 0.661938 0.123539 0.650643 0.119175 0.640473 0.092855 0.651768
0 0.079170 0.747676 0.108862 0.740073 0.105909 0.728542 0.076217 0.736145
0 0.005638 0.715562 0.035150 0.709788 0.032998 0.698786 0.003486 0.704560
0 0.064027 0.445563 0.067219 0.433513 0.029417 0.423498 0.026225 0.435548
0 0.198617 0.876599 0.210881 0.873624 0.203720 0.844106 0.191455 0.847081
0 0.057917 0.430569 0.060880 0.418864 0.022829 0.409233 0.019866 0.420937
0 0.319834 0.828740 0.355160 0.806622 0.347299 0.794067 0.311973 0.816185
0 0.089366 0.557462 0.094180 0.545755 0.058192 0.530955 0.053378 0.542662
0 0.225464 0.430629 0.254152 0.422649 0.251021 0.411394 0.222333 0.419374
0 0.080884 0.502858 0.086808 0.489390 0.038534 0.468155 0.032610 0.481623
0 0.251496 0.326340 0.251540 0.280192 0.195200 0.280138 0.195156 0.326286
0 0.341758 0.634884 0.365664 0.615788 0.357898 0.606066 0.333992 0.625161
0 0.054162 0.416619 0.056994 0.404936 0.022105 0.396479 0.019273 0.408161
0 0.055326 0.404936 0.057716 0.395017 0.028099 0.387881 0.025710 0.397800
0 0.085137 0.579144 0.089537 0.571332 0.067832 0.559108 0.063432 0.566920
0 0.247910 0.528787 0.282829 0.518017 0.278634 0.504415 0.243715 0.515185
0 0.103057 0.674480 0.129951 0.663200 0.125190 0.651847 0.098295 0.663127
0 0.438314 0.797630 0.450750 0.788871 0.426995 0.755142 0.414558 0.763902
0 0.521304 0.709334 0.551238 0.687898 0.385427 0.456352 0.355493 0.477788
0 0.089619 0.569155 0.093539 0.560729 0.066783 0.548279 0.062862 0.556705
0 0.073555 0.717845 0.097756 0.711901 0.095427 0.702417 0.071226 0.708361
0 0.715848 0.980888 0.715389 0.948679 0.605946 0.950239 0.606404 0.982447
0 0.040163 0.704485 0.051061 0.701127 0.042237 0.672483 0.031339 0.675840
0 0.069241 0.462587 0.073270 0.450219 0.024750 0.434416 0.020722 0.446784
0 0.094028 0.648450 0.115448 0.639636 0.111715 0.630564 0.090295 0.639378
0 0.074323 0.604255 0.082125 0.598683 0.066451 0.576736 0.058649 0.582308
0 0.459637 0.791055 0.471385 0.781603 0.443525 0.746976 0.431777 0.756428
0 0.247322 0.625564 0.259718 0.623125 0.241946 0.532819 0.229550 0.535259
0 0.085194 0.692935 0.096556 0.689018 0.087590 0.663009 0.076228 0.666926
0 0.082084 0.733708 0.105966 0.726389 0.102835 0.716170 0.078953 0.723489
0 0.239278 0.554179 0.292188 0.538920 0.233312 0.334758 0.180402 0.350017
0 0.567196 0.869103 0.707182 0.794844 0.699468 0.780301 0.559481 0.854560
0 0.056018 0.666172 0.077710 0.662352 0.076042 0.652876 0.054350 0.656695
0 0.002733 0.844326 0.029260 0.838431 0.026766 0.827204 0.000238 0.833099
0 0.106920 0.703818 0.131254 0.694925 0.127572 0.684849 0.103238 0.693742
0 0.112496 0.915550 0.218770 0.879378 0.201479 0.828576 0.095205 0.864748
0 0.230051 0.463925 0.264979 0.453334 0.260906 0.439905 0.225979 0.450495
0 0.345776 0.915704 0.345623 0.905818 0.306467 0.906426 0.306620 0.916311
0 0.006130 0.691404 0.007842 0.679168 0.000000 0.678020 0.000000 0.690256
0 0.011540 0.377576 0.017733 0.363821 0.004683 0.357945 0.000000 0.371700
0 0.638933 0.488785 0.670517 0.461095 0.662315 0.451740 0.630731 0.479429
0 0.494511 0.412002 0.503468 0.398377 0.467717 0.374874 0.458760 0.388500
