0 0.275371 0.590955 0.286823 0.573849 0.262019 0.557244 0.250567 0.574349
0 0.380529 0.432100 0.399695 0.425555 0.366151 0.327337 0.346985 0.333882
0 0.747921 0.381311 0.755891 0.378051 0.747326 0.357112 0.739356 0.360372
0 0.758603 0.240509 0.763292 0.236125 0.747738 0.219490 0.743049 0.223875
0 0.571767 0.326358 0.577995 0.323275 0.564363 0.295740 0.558135 0.298824
0 0.255859 0.714490 0.266189 0.710740 0.258059 0.688345 0.247729 0.692095
0 0.816210 0.213568 0.822247 0.210539 0.810964 0.188056 0.804927 0.191085
0 0.613743 0.319777 0.638937 0.307805 0.620272 0.268528 0.595078 0.280500
0 0.623433 0.439441 0.631024 0.431061 0.611862 0.413705 0.604272 0.422086
0 0.717046 0.207902 0.723793 0.204619 0.715188 0.186938 0.708441 0.190221
0 0.848295 0.328863 0.851545 0.303616 0.840329 0.302172 0.837079 0.327419
0 0.705019 0.479119 0.709394 0.452149 0.697861 0.450279 0.693487 0.477249
0 0.652794 0.289368 0.658583 0.286405 0.641071 0.252189 0.635283 0.255151
0 0.608261 0.521552 0.618991 0.518998 0.612810 0.493035 0.602080 0.495590
0 0.707485 0.211798 0.714378 0.208366 0.707206 0.193959 0.700312 0.197391
0 0.676425 0.274610 0.683501 0.270818 0.655864 0.219249 0.648788 0.223041
0 0.305225 0.551379 0.333496 0.501641 0.302401 0.483967 0.274130 0.533705
0 0.961494 0.104832 0.967727 0.102713 0.956170 0.068718 0.949937 0.070837
0 0.588320 0.318921 0.593763 0.316326 0.580751 0.289038 0.575308 0.291634
0 0.287470 0.882874 0.297606 0.880851 0.292930 0.857421 0.282794 0.859444
0 0.559044 0.618489 0.558714 0.608673 0.499036 0.610678 0.499365 0.620493
0 0.681564 0.399184 0.692893 0.392821 0.676788 0.364150 0.665460 0.370513
