0 0.975481 0.591125 0.986859 0.573625 0.962811 0.557989 0.951433 0.575490
0 0.956729 0.715051 0.966664 0.711166 0.957697 0.688237 0.947762 0.692123
0 0.987800 0.884420 0.997869 0.882574 0.993113 0.856635 0.983044 0.858482
0 0.851078 0.994746 0.851456 0.982422 0.846537 0.982271 0.846160 0.994595
0 0.835217 0.995250 0.835382 0.985262 0.829315 0.985162 0.829150 0.995150
0 0.858381 0.994293 0.859090 0.982886 0.854161 0.982580 0.853452 0.993986
0 0.867044 0.995209 0.867594 0.984822 0.861194 0.984483 0.860644 0.994870
0 0.817959 0.994839 0.818178 0.984190 0.811642 0.984055 0.811422 0.994704
0 0.999400 0.527378 1.000000 0.515365 0.992473 0.507586 0.985668 0.519599
0 0.783039 0.995104 0.783543 0.981776 0.776004 0.981491 0.775500 0.994819
0 0.797015 0.995534 0.797313 0.981968 0.789833 0.981804 0.789535 0.995369
0 0.886350 0.995372 0.886433 0.985012 0.879818 0.984959 0.879735 0.995319
0 0.914091 0.995294 0.914520 0.984487 0.907143 0.984194 0.906713 0.995001
