0 0.936925 0.897812 0.943115 0.860326 0.929788 0.858126 0.923598 0.895612
0 0.986557 0.810741 0.999385 0.807276 0.989102 0.769207 0.976274 0.772672
0 0.920362 0.897969 0.925483 0.864473 0.911713 0.862368 0.906592 0.895864
0 0.971766 0.894835 0.981652 0.853202 0.968370 0.850049 0.958485 0.891682
0 0.950150 0.817933 0.962868 0.813269 0.949532 0.776908 0.936814 0.781573
0 0.993379 0.899321 1.000000 0.860819 0.991252 0.856494 0.979368 0.894997
0 0.929527 0.950906 0.971957 0.947159 0.970659 0.932467 0.928229 0.936214
0 0.955840 0.894195 0.962299 0.860231 0.949608 0.857818 0.943149 0.891782
0 0.749138 0.896245 0.764752 0.852493 0.750019 0.847236 0.734405 0.890987
0 0.784675 0.880734 0.796231 0.842521 0.782949 0.838504 0.771392 0.876718
0 0.800824 0.894444 0.843802 0.891369 0.842707 0.876060 0.799728 0.879135
0 0.891597 0.813465 0.892329 0.780298 0.879923 0.780025 0.879192 0.813192
0 0.765901 0.851303 0.781408 0.805303 0.766303 0.800211 0.750796 0.846211
0 0.970246 0.818490 0.983451 0.812825 0.966853 0.774141 0.953649 0.779807
0 0.949001 0.762958 0.992572 0.757664 0.990929 0.744145 0.947359 0.749440
0 0.915649 0.810775 0.927208 0.805924 0.914191 0.774910 0.902632 0.779761
0 0.768017 0.890962 0.780624 0.845888 0.765529 0.841667 0.752923 0.886741
0 0.795980 0.841177 0.807694 0.802077 0.795372 0.798385 0.783657 0.837485
0 0.887291 0.770271 0.929288 0.765806 0.927702 0.750894 0.885706 0.755359
0 0.874756 0.802394 0.874629 0.772799 0.862190 0.772852 0.862317 0.802447
0 0.816334 0.911618 0.844426 0.908620 0.843211 0.897228 0.815118 0.900226
0 0.731429 0.936875 0.746938 0.898225 0.733738 0.892928 0.718229 0.931578
0 0.782697 0.842158 0.794697 0.800855 0.782333 0.797263 0.770333 0.838566
0 1.000000 0.921879 1.000000 0.906895 0.988095 0.906041 0.987140 0.921025
0 0.809546 0.937024 0.847646 0.933541 0.846458 0.920538 0.808358 0.924021
0 0.808016 0.924484 0.845043 0.921469 0.844036 0.909108 0.807010 0.912124
0 0.927219 0.802846 0.937286 0.798640 0.926387 0.772551 0.916320 0.776757
0 0.889147 0.890698 0.889770 0.867456 0.879694 0.867186 0.879070 0.890428
0 0.875186 0.831336 0.874598 0.808547 0.863945 0.808822 0.864533 0.831611
0 0.968551 0.922591 0.968075 0.899274 0.919877 0.900257 0.920352 0.923573
0 0.236842 1.000000 0.312653 0.881238 0.297261 0.871705 0.221450 0.994105
0 0.161777 0.993985 0.285568 0.861243 0.268853 0.845655 0.145062 0.978398
0 0.985967 0.923092 0.986282 0.903056 0.975850 0.902892 0.975535 0.922928
0 0.813676 0.977473 0.817604 0.967433 0.795022 0.958597 0.791094 0.968637
0 0.995997 0.929232 0.999883 0.854586 0.886273 0.848671 0.882386 0.923317
0 0.886813 0.834022 1.000000 0.805967 0.991032 0.741446 0.871650 0.769501
0 0.256799 0.568112 0.260567 0.547231 0.169510 0.530801 0.165742 0.551682
0 0.783414 0.995591 0.784164 0.980889 0.776141 0.980480 0.775391 0.995182
0 0.947405 0.616973 0.950541 0.590364 0.934920 0.588523 0.931784 0.615132
0 0.905310 0.926152 0.905134 0.915827 0.884131 0.916185 0.884308 0.926510
0 0.806335 0.930936 0.796468 0.910360 0.786741 0.915024 0.796608 0.935601
0 0.904723 0.911035 0.905079 0.900985 0.884383 0.900252 0.884027 0.910301
0 0.943988 0.484663 0.945517 0.458556 0.930736 0.457690 0.929207 0.483797
0 0.950611 0.691538 0.964585 0.689273 0.960420 0.663576 0.946446 0.665841
0 0.974154 0.998130 0.975268 0.985175 0.967112 0.984474 0.965998 0.997429
0 0.832699 0.320982 0.841098 0.311178 0.822165 0.294958 0.813766 0.304763
0 0.773983 0.995694 0.774578 0.980739 0.766244 0.980408 0.765650 0.995362
0 0.796558 0.995708 0.797639 0.981294 0.790101 0.980729 0.789019 0.995142
0 0.997264 0.996384 0.998301 0.986213 0.989348 0.985300 0.988311 0.995472
0 0.964141 0.996430 0.965310 0.985605 0.956920 0.984700 0.955752 0.995525
0 0.728675 0.998123 0.728926 0.984024 0.717594 0.983823 0.717344 0.997922
0 0.986886 0.996691 0.987826 0.984312 0.979457 0.983676 0.978517 0.996056
0 0.808458 0.996165 0.809116 0.982433 0.802819 0.982131 0.802161 0.995864
0 0.764379 0.995657 0.765085 0.981362 0.757245 0.980974 0.756538 0.995269
0 0.858846 0.995017 0.859533 0.981279 0.853741 0.980990 0.853054 0.994727
0 0.817849 0.995658 0.818222 0.983724 0.811716 0.983521 0.811343 0.995454
0 0.851583 0.995530 0.851775 0.980779 0.845840 0.980702 0.845647 0.995453
