0 0.517021 0.535769 0.544536 0.494635 0.428845 0.417249 0.401330 0.458383
0 0.399890 0.705713 0.433456 0.661227 0.346817 0.595855 0.313250 0.640340
0 0.344846 0.814150 0.374378 0.765906 0.276765 0.706152 0.247232 0.754396
0 0.245154 1.000000 0.254752 0.942979 0.161750 0.927794 0.152152 0.986579
0 0.223984 1.000000 0.227318 0.975110 0.215142 0.973623 0.211809 1.000000
0 0.193251 0.992584 0.197779 0.958646 0.184753 0.956908 0.180225 0.990847
0 0.101390 0.922656 0.119612 0.901566 0.110505 0.893698 0.092284 0.914789
0 0.755594 0.314668 0.800453 0.291280 0.767149 0.227403 0.722291 0.250791
0 0.653668 0.410724 0.679445 0.394759 0.623772 0.304870 0.597996 0.320835
0 0.883832 0.939127 0.910545 0.853458 0.829038 0.828043 0.802325 0.913712
0 0.062506 0.902102 0.083497 0.874440 0.073839 0.867111 0.052848 0.894772
0 0.074627 0.902370 0.093284 0.880192 0.084579 0.872869 0.065922 0.895047
0 0.024696 0.868444 0.032654 0.859323 0.011769 0.841102 0.003811 0.850223
0 0.006444 0.896842 0.011553 0.885310 0.000000 0.880137 0.000000 0.891669
0 0.952707 0.801025 0.967887 0.748490 0.864840 0.718714 0.849660 0.771249
0 0.113504 0.924196 0.129014 0.906493 0.120969 0.899445 0.105460 0.917149
0 0.010742 0.879146 0.017686 0.869558 0.000392 0.857033 0.000000 0.866620
0 0.011039 0.968090 0.026334 0.946299 0.016718 0.939549 0.001422 0.961340
0 0.228235 0.964922 0.234548 0.943507 0.224023 0.940404 0.217710 0.961819
0 0.044342 0.968277 0.061094 0.943594 0.051656 0.937189 0.034904 0.961871
0 0.166969 0.979379 0.170651 0.956839 0.161627 0.955364 0.157945 0.977905
0 0.084081 0.918622 0.101440 0.902979 0.093396 0.894053 0.076037 0.909696
0 0.074217 0.995530 0.077354 0.974412 0.063107 0.972296 0.059970 0.993414
0 0.038283 0.861588 0.050487 0.847658 0.014541 0.816167 0.002337 0.830097
0 0.052626 0.972361 0.065647 0.951816 0.057305 0.946529 0.044284 0.967075
0 0.078979 0.975685 0.086507 0.950603 0.074688 0.947056 0.067160 0.972138
0 0.051199 0.871683 0.059496 0.846813 0.048862 0.843266 0.040565 0.868136
0 0.059309 0.875190 0.068176 0.853789 0.059106 0.850031 0.050239 0.871432
0 0.235773 0.998742 0.240833 0.972371 0.230053 0.970303 0.224993 0.996674
0 0.239440 0.971251 0.247531 0.950573 0.237120 0.946499 0.229029 0.967177
0 0.061154 0.843865 0.079822 0.816231 0.070087 0.809655 0.051419 0.837289
0 0.652981 0.861811 0.658540 0.833407 0.646932 0.831135 0.641373 0.859539
0 0.064026 0.976539 0.072666 0.955602 0.063741 0.951919 0.055101 0.972856
0 0.032506 0.900976 0.036746 0.891817 0.018854 0.883534 0.014614 0.892693
0 0.098728 1.000000 0.105495 0.978351 0.095813 0.975458 0.089046 0.998110
0 0.263882 0.883513 0.272254 0.878716 0.263030 0.862614 0.254658 0.867411
0 0.355562 0.817701 0.383024 0.775450 0.370439 0.767270 0.342977 0.809521
0 0.074165 0.993604 0.083906 0.950648 0.071132 0.947751 0.061391 0.990707
