0 0.085486 0.055511 0.110234 0.025634 0.048114 0.000000 0.023366 0.004056
0 0.065762 0.899653 0.073869 0.889735 0.051337 0.871318 0.043230 0.881236
0 0.266775 0.978252 0.272457 0.965765 0.245704 0.953590 0.240022 0.966078
0 0.480336 0.879667 0.485233 0.865830 0.455015 0.855136 0.450119 0.868973
0 0.078835 0.958036 0.086973 0.949469 0.069245 0.932629 0.061107 0.941197
0 0.226748 0.671984 0.236713 0.663496 0.218177 0.641734 0.208211 0.650222
0 0.232429 0.825447 0.236900 0.813609 0.212903 0.804545 0.208431 0.816382
0 0.075377 0.995549 0.077095 0.975070 0.062206 0.973821 0.060487 0.994300
0 0.304651 0.803790 0.310520 0.791934 0.284400 0.779002 0.278531 0.790857
0 0.796929 0.995359 0.797264 0.981667 0.789733 0.981483 0.789398 0.995175
0 0.783274 0.995287 0.783726 0.981360 0.775887 0.981106 0.775436 0.995033
0 0.332416 0.707742 0.332540 0.673454 0.318947 0.673405 0.318823 0.707693
