0 0.785508 0.054456 0.810425 0.025093 0.749302 0.000000 0.724384 0.002587
0 0.503853 0.998228 0.611171 0.958074 0.601842 0.933139 0.494523 0.973293
0 0.998783 0.801078 1.000000 0.789616 0.986215 0.778883 0.979751 0.790345
0 0.463212 0.819640 0.563402 0.803227 0.559337 0.778412 0.459147 0.794825
0 0.691867 0.124030 0.698021 0.109812 0.560399 0.050251 0.554245 0.064469
0 0.966451 0.977778 0.972109 0.965783 0.945717 0.953332 0.940058 0.965326
0 0.867374 0.995561 0.867955 0.984598 0.861248 0.984242 0.860667 0.995206
0 0.851285 0.994998 0.851616 0.982099 0.846362 0.981964 0.846031 0.994864
0 0.835417 0.995282 0.835604 0.985178 0.829265 0.985061 0.829078 0.995164
0 0.783021 0.995218 0.783625 0.981709 0.775979 0.981367 0.775374 0.994876
0 0.183986 0.548820 0.225132 0.543809 0.223768 0.532605 0.182621 0.537616
0 0.858603 0.994882 0.859373 0.982548 0.854141 0.982221 0.853370 0.994555
0 0.605086 0.351481 0.618621 0.341898 0.493306 0.164913 0.479771 0.174497
0 0.932855 0.825802 0.937464 0.813842 0.913274 0.804521 0.908666 0.816481
0 0.765814 0.899900 0.774272 0.889569 0.751402 0.870843 0.742944 0.881173
0 0.886405 0.995491 0.886485 0.984818 0.879522 0.984766 0.879442 0.995439
0 0.869138 0.995227 0.869617 0.985076 0.863110 0.984769 0.862631 0.994920
0 0.773894 0.995455 0.774425 0.982116 0.766399 0.981797 0.765868 0.995136
0 0.817818 0.995011 0.818087 0.984563 0.811952 0.984405 0.811683 0.994853
0 0.779087 0.958391 0.787302 0.949704 0.768377 0.931808 0.760162 0.940496
0 0.764239 0.995307 0.764996 0.982028 0.757373 0.981594 0.756617 0.994872
0 0.796734 0.995298 0.797243 0.982139 0.789928 0.981856 0.789419 0.995015
0 0.974162 0.997932 0.975410 0.985215 0.967183 0.984407 0.965934 0.997124
0 0.826861 0.995228 0.827034 0.985089 0.821452 0.984994 0.821279 0.995133
0 0.926566 0.673197 0.937546 0.664443 0.918933 0.641095 0.907952 0.649848
0 0.914290 0.995639 0.914850 0.984232 0.907244 0.983860 0.906685 0.995266
0 0.715475 0.995545 0.715874 0.985164 0.706905 0.984819 0.706506 0.995201
0 0.704918 0.997851 0.705184 0.984848 0.697016 0.984681 0.696750 0.997684
0 0.755554 0.995619 0.756099 0.982208 0.747663 0.981865 0.747118 0.995276
0 0.986651 0.996340 0.987765 0.984525 0.979438 0.983739 0.978323 0.995555
0 0.745583 0.996024 0.747196 0.983152 0.735553 0.981694 0.733941 0.994566
0 0.996642 0.996050 0.997903 0.986544 0.989562 0.985436 0.988301 0.994943
0 0.964002 0.996352 0.965406 0.985193 0.957365 0.984181 0.955961 0.995340
0 0.950968 0.995812 0.951633 0.984627 0.944050 0.984176 0.943384 0.995361
0 0.807929 0.995432 0.808159 0.983460 0.802930 0.983359 0.802699 0.995331
0 0.824856 0.995135 0.824976 0.984804 0.819021 0.984735 0.818901 0.995066
0 0.923730 0.995742 0.924100 0.984192 0.916424 0.983946 0.916054 0.995496
