0 0.175130 0.831464 0.183197 0.810385 0.142147 0.794675 0.134080 0.815753
0 0.223049 0.980356 0.237955 0.966994 0.194680 0.918717 0.179773 0.932079
0 0.934152 0.824752 0.997422 0.779264 0.981379 0.756949 0.918109 0.802437
0 0.829105 0.209691 0.913225 0.180374 0.841525 0.000000 0.757404 0.003960
0 0.845890 0.114732 0.887630 0.099563 0.882634 0.085814 0.840893 0.100983
0 0.802331 0.110172 0.831611 0.099829 0.827185 0.087301 0.797906 0.097644
0 0.779301 0.047727 0.808922 0.039988 0.805910 0.028461 0.776289 0.036200
0 0.091651 0.690313 0.168113 0.681722 0.165770 0.660865 0.089307 0.669456
0 0.778633 0.349506 0.798546 0.278279 0.744274 0.263106 0.724361 0.334333
0 0.707441 0.175328 0.740353 0.169028 0.737891 0.156163 0.704978 0.162463
0 0.694138 0.208345 0.762599 0.186843 0.708785 0.015504 0.640324 0.037006
0 0.809282 0.142611 0.839819 0.132788 0.836148 0.121379 0.805612 0.131202
0 0.819341 0.038041 0.857328 0.024613 0.852274 0.010316 0.814287 0.023744
0 0.706957 0.160086 0.744204 0.151781 0.741221 0.138403 0.703974 0.146709
0 0.784437 0.065439 0.815774 0.055466 0.811688 0.042627 0.780351 0.052601
0 0.707214 0.192789 0.746822 0.185666 0.744393 0.172162 0.704785 0.179285
0 0.681153 0.199318 0.700338 0.173769 0.690843 0.166638 0.671657 0.192187
0 0.667428 0.093257 0.683842 0.068794 0.674590 0.062586 0.658176 0.087049
0 0.702431 0.127989 0.738230 0.121291 0.735836 0.108496 0.700037 0.115195
0 0.700652 0.112564 0.730583 0.104991 0.727538 0.092959 0.697607 0.100532
0 0.773631 0.017039 0.797962 0.011507 0.795725 0.001668 0.771393 0.007200
0 0.698855 0.096354 0.732507 0.089031 0.729794 0.076565 0.696142 0.083888
0 0.781433 0.033383 0.806630 0.026164 0.803805 0.016304 0.778608 0.023523
0 0.694845 0.081980 0.727914 0.075915 0.725381 0.062104 0.692311 0.068169
0 0.693447 0.063334 0.727676 0.058212 0.725666 0.044779 0.691437 0.049902
0 0.689773 0.047764 0.723182 0.042616 0.721128 0.029290 0.687719 0.034437
0 0.671767 0.067609 0.686916 0.047573 0.678369 0.041111 0.663220 0.061146
0 0.678228 0.163273 0.695532 0.139332 0.686156 0.132556 0.668853 0.156496
0 0.639159 0.018665 0.668686 0.013174 0.666418 0.000975 0.636890 0.006467
0 0.612499 0.077440 0.624012 0.076103 0.620480 0.045693 0.608967 0.047030
0 0.673230 0.128335 0.689497 0.106425 0.681213 0.100274 0.664946 0.122185
0 0.855254 0.653287 0.932337 0.610589 0.926053 0.599244 0.848970 0.641942
0 0.664957 0.053266 0.680622 0.034757 0.672695 0.028048 0.657030 0.046557
0 0.679188 0.104171 0.691629 0.080369 0.681939 0.075304 0.669498 0.099106
0 0.706560 0.015973 0.735406 0.010849 0.733351 0.000000 0.704506 0.004410
0 0.681074 0.135817 0.694648 0.117005 0.686829 0.111363 0.673255 0.130176
0 0.687680 0.172178 0.700715 0.151542 0.692054 0.146071 0.679019 0.166707
0 0.176985 0.598802 0.185494 0.592401 0.133563 0.523366 0.125053 0.529767
0 0.692679 0.204865 0.705469 0.185953 0.696975 0.180209 0.684184 0.199121
0 0.214521 0.631228 0.265159 0.585478 0.255496 0.574782 0.204857 0.620531
0 0.670376 0.010575 0.696637 0.006344 0.694912 0.000000 0.668651 0.000000
0 0.899113 0.177698 0.911176 0.174587 0.903145 0.143447 0.891082 0.146557
0 0.551736 0.243715 0.585597 0.233967 0.580412 0.215958 0.546552 0.225706
0 0.704515 0.143053 0.728092 0.137295 0.725759 0.127746 0.702183 0.133504
0 0.788318 0.284597 0.792493 0.270466 0.756750 0.259905 0.752574 0.274036
0 0.626682 0.118209 0.637707 0.117215 0.630938 0.042092 0.619913 0.043086
0 0.680016 0.137152 0.700436 0.120539 0.694338 0.113043 0.673918 0.129656
