0 0.065943 0.199516 0.073984 0.189290 0.050786 0.171047 0.042744 0.181273
0 0.565987 0.926645 0.636158 0.818314 0.620421 0.808120 0.550249 0.916452
0 0.503319 0.887466 0.565563 0.786782 0.554025 0.779649 0.491781 0.880333
0 0.384197 0.801655 0.444724 0.706354 0.431801 0.698146 0.371274 0.793448
0 0.653917 0.989969 0.709319 0.900644 0.695840 0.892284 0.640438 0.981609
0 0.079157 0.259183 0.087955 0.250093 0.069083 0.231825 0.060285 0.240915
0 0.704109 0.472473 0.707402 0.459921 0.679038 0.452482 0.675746 0.465033
0 0.146673 0.325569 0.155769 0.320303 0.144017 0.300005 0.134921 0.305271
0 0.700298 0.420210 0.706307 0.410192 0.684352 0.397022 0.678343 0.407039
0 0.266450 0.278091 0.272275 0.265380 0.245684 0.253196 0.239860 0.265907
0 0.232542 0.125684 0.236939 0.113888 0.213408 0.105117 0.209011 0.116913
0 0.305387 0.103478 0.310778 0.091434 0.285074 0.079930 0.279684 0.091974
0 0.480644 0.179721 0.485493 0.165783 0.454554 0.155019 0.449704 0.168956
0 0.331854 0.007530 0.331694 0.000000 0.318865 0.000000 0.319025 0.007778
0 0.573529 0.471412 0.584169 0.463754 0.568105 0.441436 0.557465 0.449094
