0 0.783496 0.995397 0.784204 0.981558 0.775935 0.981134 0.775226 0.994974
0 0.797729 0.997043 0.798400 0.981354 0.789249 0.980962 0.788578 0.996652
0 0.773768 0.995120 0.774193 0.981727 0.766216 0.981474 0.765792 0.994867
0 0.764240 0.995047 0.764919 0.981956 0.757352 0.981564 0.756673 0.994655
0 0.867400 0.995349 0.867864 0.984713 0.861158 0.984420 0.860695 0.995057
0 0.886614 0.995362 0.886654 0.984622 0.879190 0.984594 0.879151 0.995335
0 0.956641 0.803714 0.956178 0.786462 0.922076 0.787379 0.922540 0.804631
0 0.858506 0.994561 0.859103 0.982814 0.854076 0.982558 0.853479 0.994306
0 0.914177 0.995365 0.914533 0.984333 0.907075 0.984093 0.906719 0.995125
0 0.755486 0.995215 0.755990 0.982163 0.747747 0.981845 0.747243 0.994896
0 0.851202 0.994754 0.851474 0.982391 0.846484 0.982281 0.846212 0.994644
0 0.869460 0.995018 0.869772 0.984758 0.862944 0.984551 0.862632 0.994811
0 0.835398 0.995242 0.835478 0.985198 0.829213 0.985148 0.829132 0.995192
0 0.818042 0.995033 0.818262 0.984310 0.811466 0.984171 0.811245 0.994894
0 0.974362 0.997542 0.975401 0.985323 0.966853 0.984596 0.965814 0.996815
0 0.923905 0.995593 0.924203 0.984386 0.916291 0.984176 0.915993 0.995383
0 0.745839 0.995611 0.747119 0.983073 0.735324 0.981868 0.734044 0.994406
