0 0.278451 0.757658 0.321497 0.692024 0.204803 0.615492 0.161757 0.681126
0 0.439494 0.563539 0.473565 0.514491 0.377472 0.447741 0.343401 0.496790
0 0.675679 0.325643 0.701194 0.275261 0.585838 0.216841 0.560323 0.267222
0 0.360778 0.634731 0.384777 0.594845 0.293871 0.540149 0.269872 0.580035
0 0.612542 0.405194 0.642112 0.358246 0.531047 0.288293 0.501478 0.335241
0 0.669163 0.214140 0.722050 0.184113 0.678557 0.107508 0.625670 0.137535
0 0.559188 0.434569 0.575254 0.407666 0.514412 0.371332 0.498345 0.398235
0 0.026265 0.919354 0.078482 0.857426 0.005918 0.796243 0.000000 0.858171
0 0.043046 0.156212 0.093986 0.090192 0.001438 0.018784 0.000000 0.084804
0 0.012728 0.849159 0.031436 0.827357 0.021577 0.818897 0.002869 0.840699
0 0.002960 0.842170 0.023653 0.817193 0.013162 0.808502 0.000000 0.833479
0 0.071246 0.095732 0.079340 0.087929 0.058509 0.066318 0.050414 0.074121
0 0.506061 0.033670 0.515608 0.031580 0.511453 0.012600 0.501906 0.014690
