0 0.841845 0.195118 0.854519 0.171984 0.772922 0.127280 0.760248 0.150414
0 0.115877 0.213118 0.122133 0.209913 0.110646 0.187490 0.104390 0.190694
0 0.058666 0.240905 0.063499 0.236301 0.047891 0.219915 0.043058 0.224518
0 0.553844 0.298379 0.578339 0.282204 0.573573 0.274986 0.549078 0.291162
0 0.047088 0.381218 0.055097 0.378040 0.046556 0.356509 0.038546 0.359686
0 0.912754 0.052123 0.922408 0.035790 0.841915 0.000000 0.832262 0.004548
0 0.007807 0.479781 0.010574 0.450077 0.000000 0.449015 0.000000 0.478719
0 0.147970 0.328062 0.151699 0.303567 0.141013 0.301940 0.137284 0.326435
0 0.262274 0.106569 0.268601 0.104355 0.255292 0.066328 0.248964 0.068543
0 0.964769 0.388271 1.000000 0.284366 0.973970 0.250627 0.909982 0.354532
0 0.783246 0.995319 0.783771 0.981445 0.775912 0.981148 0.775387 0.995021
0 0.797187 0.995636 0.797528 0.981552 0.789791 0.981365 0.789450 0.995449
0 0.018071 0.207145 0.024048 0.203853 0.014976 0.187382 0.008998 0.190675
