0 0.976995 0.926774 0.987578 0.923076 0.978252 0.896392 0.967669 0.900091
0 0.585496 0.769905 0.602411 0.758731 0.540430 0.664901 0.523516 0.676075
0 0.729703 0.671928 0.750545 0.663674 0.708877 0.558450 0.688034 0.566703
0 0.905457 0.965986 0.905127 0.941584 0.893242 0.941745 0.893572 0.966147
0 0.974004 0.997884 0.975274 0.985371 0.967152 0.984547 0.965882 0.997060
0 0.964236 0.996114 0.965285 0.985526 0.956857 0.984691 0.955808 0.995279
0 0.858542 0.994853 0.859336 0.982594 0.854206 0.982262 0.853413 0.994521
0 0.851242 0.995109 0.851593 0.982173 0.846418 0.982033 0.846068 0.994969
0 0.867185 0.995557 0.867718 0.984620 0.861225 0.984304 0.860692 0.995241
0 0.886302 0.995681 0.886457 0.985015 0.879859 0.984919 0.879703 0.995585
0 0.835343 0.995333 0.835509 0.985334 0.829275 0.985231 0.829109 0.995229
0 0.986422 0.996275 0.987558 0.984726 0.979696 0.983953 0.978560 0.995502
0 0.817801 0.995047 0.818042 0.984550 0.811956 0.984410 0.811715 0.994907
0 0.796962 0.995591 0.797305 0.981869 0.789808 0.981682 0.789465 0.995404
0 0.286180 0.944582 0.295786 0.935517 0.276106 0.914662 0.266500 0.923727
0 0.869182 0.995223 0.869589 0.985277 0.863269 0.985019 0.862863 0.994965
0 0.783233 0.995207 0.783696 0.981481 0.775980 0.981221 0.775517 0.994947
0 0.950978 0.995680 0.951591 0.984878 0.944184 0.984458 0.943572 0.995260
0 0.914213 0.995422 0.914635 0.984246 0.907262 0.983967 0.906840 0.995144
0 0.826854 0.995205 0.827011 0.985175 0.821585 0.985090 0.821427 0.995120
0 0.923478 0.995583 0.923756 0.984476 0.916477 0.984294 0.916199 0.995401
0 0.996607 0.996194 0.997947 0.986861 0.989633 0.985667 0.988293 0.995000
0 0.289469 0.938092 0.310312 0.917451 0.278173 0.884998 0.257330 0.905639
0 0.932116 0.994864 0.932160 0.984194 0.926607 0.984172 0.926564 0.994842
0 0.773942 0.995262 0.774293 0.982161 0.766283 0.981946 0.765931 0.995047
0 0.715425 0.995603 0.715932 0.985329 0.707240 0.984900 0.706733 0.995174
0 0.808021 0.995226 0.808102 0.983314 0.802551 0.983276 0.802470 0.995188
0 0.704902 0.997854 0.705109 0.984895 0.697041 0.984766 0.696835 0.997726
0 0.805224 0.995156 0.805164 0.982743 0.799536 0.982771 0.799596 0.995183
