0 0.600816 0.395878 0.682641 0.391346 0.680724 0.356730 0.598899 0.361261
0 0.606251 0.500366 0.682913 0.490882 0.678048 0.451559 0.601386 0.461042
0 0.702685 0.286588 0.702710 0.247113 0.606777 0.247053 0.606752 0.286528
0 0.235074 0.824286 0.299878 0.777658 0.284087 0.755712 0.219283 0.802340
0 0.145697 0.115261 0.188140 0.100201 0.183059 0.085881 0.140616 0.100942
0 0.304687 0.885254 0.361207 0.812326 0.340398 0.796199 0.283878 0.869127
0 0.004517 0.194222 0.046866 0.185869 0.043988 0.171281 0.001640 0.179635
0 0.120429 0.037362 0.157889 0.024114 0.152846 0.009856 0.115386 0.023104
0 0.100917 0.110259 0.130617 0.099813 0.126500 0.088107 0.096800 0.098554
0 0.109905 0.142685 0.139508 0.132376 0.135236 0.120108 0.105633 0.130418
0 0.126950 0.208856 0.214103 0.178462 0.142977 0.000000 0.055824 0.004905
0 0.319590 0.129232 0.356039 0.107552 0.348177 0.094334 0.311728 0.116014
0 0.002137 0.127867 0.038139 0.121702 0.035879 0.108508 0.000000 0.114673
0 0.084009 0.065404 0.115371 0.055492 0.111201 0.042298 0.079839 0.052210
0 0.079893 0.047742 0.109424 0.039756 0.106243 0.027994 0.076712 0.035980
0 0.005036 0.160172 0.043779 0.152266 0.040965 0.138472 0.002221 0.146378
0 0.008004 0.174623 0.040604 0.168944 0.038383 0.156195 0.005783 0.161874
0 0.000000 0.046906 0.023463 0.042687 0.021103 0.029161 0.000000 0.033380
0 0.001103 0.112123 0.030286 0.105161 0.027164 0.092074 0.000000 0.099036
0 0.000000 0.080468 0.027780 0.075545 0.025448 0.062286 0.000000 0.067209
0 0.000000 0.062939 0.027232 0.058483 0.025175 0.045375 0.000000 0.049831
0 0.079632 0.347677 0.099040 0.279512 0.044505 0.263984 0.025096 0.332149
0 0.000374 0.096031 0.032324 0.089051 0.029534 0.076280 0.000000 0.083261
0 0.073429 0.017001 0.096892 0.011754 0.094698 0.001943 0.071235 0.007190
0 0.081629 0.033672 0.106164 0.026589 0.103316 0.016722 0.078780 0.023805
0 0.351672 0.182850 0.551735 0.040987 0.483976 0.000000 0.283912 0.087292
0 0.438251 0.097166 0.450544 0.088388 0.426918 0.055299 0.414625 0.064076
0 0.198615 0.176462 0.210964 0.173288 0.203435 0.143992 0.191086 0.147166
0 0.155700 0.653261 0.232623 0.609963 0.226786 0.599594 0.149863 0.642892
0 0.004249 0.016308 0.035816 0.011257 0.033920 0.000000 0.002353 0.004462
0 0.002320 0.143482 0.029595 0.137931 0.027271 0.126510 0.000000 0.132062
0 0.570808 0.165648 0.711806 0.093049 0.704548 0.078953 0.563550 0.151551
0 0.713666 0.618689 0.804123 0.584212 0.799899 0.573131 0.709442 0.607608
0 0.458609 0.090031 0.470544 0.080529 0.444142 0.047364 0.432207 0.056866
0 0.663907 0.790985 0.663893 0.780538 0.586303 0.780643 0.586317 0.791090
0 0.006237 0.207499 0.056737 0.198207 0.024844 0.024883 0.000000 0.034175
0 0.434414 0.668294 0.514649 0.665716 0.514277 0.654150 0.434042 0.656729
0 0.541255 0.741942 0.541520 0.730577 0.461216 0.728705 0.460951 0.740070
0 0.087505 0.284235 0.091565 0.270109 0.057467 0.260310 0.053407 0.274436
0 0.112668 0.215312 0.218700 0.178086 0.201347 0.128658 0.095315 0.165883
