0 0.803279 0.495016 0.808643 0.477127 0.760786 0.462776 0.755422 0.480664
0 0.765730 0.683072 0.777471 0.666258 0.735459 0.636923 0.723719 0.653736
0 0.866495 0.518254 0.894922 0.467206 0.878982 0.458330 0.850555 0.509377
0 0.830279 0.538893 0.839063 0.525186 0.804708 0.503170 0.795924 0.516877
0 0.821245 0.555730 0.829517 0.541146 0.793659 0.520807 0.785387 0.535391
0 0.923438 0.309386 0.927626 0.275345 0.914906 0.273781 0.910718 0.307821
0 0.892014 0.380021 0.905646 0.350817 0.894984 0.345840 0.881352 0.375044
0 0.793744 0.510259 0.798455 0.494966 0.757436 0.482331 0.752726 0.497623
0 0.841665 0.524047 0.850216 0.509965 0.811994 0.486757 0.803444 0.500839
0 0.793385 0.613805 0.800119 0.600625 0.764056 0.582198 0.757322 0.595378
0 0.809255 0.568870 0.817304 0.555127 0.784557 0.535947 0.776508 0.549691
0 0.813011 0.444063 0.819510 0.430085 0.785143 0.414106 0.778644 0.428085
0 0.877524 0.367805 0.889335 0.342902 0.879941 0.338447 0.868130 0.363350
0 0.850304 0.499679 0.870701 0.462591 0.858049 0.455633 0.837652 0.492721
0 0.665380 0.639550 0.676621 0.631984 0.658024 0.604358 0.646783 0.611925
0 0.799974 0.455285 0.804858 0.443315 0.776299 0.431661 0.771415 0.443631
0 0.837460 0.354488 0.852223 0.322516 0.841140 0.317399 0.826378 0.349370
0 0.796122 0.598180 0.802675 0.585592 0.770524 0.568853 0.763970 0.581441
0 0.710508 0.268168 0.726328 0.246228 0.716754 0.239325 0.700934 0.261265
0 0.798091 0.472812 0.803051 0.460462 0.769500 0.446989 0.764541 0.459339
0 0.772009 0.289038 0.789157 0.251542 0.777089 0.246023 0.759941 0.283518
0 0.578074 0.469555 0.601274 0.442629 0.590261 0.433140 0.567061 0.460066
0 0.884417 0.395667 0.890692 0.383261 0.862547 0.369026 0.856272 0.381432
0 0.788166 0.629524 0.795364 0.614848 0.756160 0.595619 0.748962 0.610294
0 0.943380 0.305043 0.954232 0.242743 0.862961 0.226844 0.852109 0.289144
0 0.803797 0.586167 0.810916 0.573652 0.779755 0.555927 0.772636 0.568442
0 0.762483 0.201278 0.783852 0.174636 0.774317 0.166989 0.752949 0.193632
0 0.801636 0.222734 0.820058 0.201156 0.810804 0.193256 0.792382 0.214834
0 0.893266 0.292430 0.897744 0.259463 0.884996 0.257732 0.880518 0.290699
0 0.579009 0.394733 0.591213 0.384870 0.564059 0.351273 0.551855 0.361137
0 0.775819 0.662547 0.785476 0.646953 0.743274 0.620817 0.733617 0.636410
0 0.836793 0.416974 0.845137 0.401475 0.801844 0.378168 0.793500 0.393668
0 0.821298 0.427819 0.828054 0.414139 0.797534 0.399067 0.790778 0.412746
0 0.863700 0.364149 0.878208 0.334723 0.868140 0.329759 0.853633 0.359186
0 0.693600 0.568648 0.717208 0.545454 0.708343 0.536431 0.684735 0.559624
0 0.794546 0.305298 0.807459 0.280407 0.797066 0.275015 0.784153 0.299906
0 0.851350 0.358766 0.863583 0.332533 0.853350 0.327761 0.841117 0.353994
0 0.628654 0.352912 0.651337 0.331997 0.642685 0.322614 0.620002 0.343529
0 0.706165 0.697168 0.716653 0.690974 0.701652 0.665573 0.691163 0.671767
0 0.820992 0.484212 0.834208 0.458208 0.823952 0.452995 0.810737 0.479000
0 0.594892 0.371157 0.604819 0.362972 0.586149 0.340326 0.576221 0.348511
0 0.898879 0.406356 0.910881 0.383592 0.901411 0.378599 0.889409 0.401363
0 0.774701 0.202968 0.793027 0.180321 0.784293 0.173253 0.765967 0.195900
0 0.580240 0.334831 0.590136 0.326943 0.572320 0.304592 0.562424 0.312480
0 0.627927 0.393946 0.636499 0.386437 0.615749 0.362748 0.607177 0.370256
0 0.665189 0.537459 0.691322 0.514359 0.682052 0.503871 0.655918 0.526971
0 0.855793 0.384251 0.862020 0.373238 0.836568 0.358849 0.830341 0.369863
0 0.608810 0.561773 0.620525 0.553184 0.597072 0.521198 0.585357 0.529787
0 0.784245 0.219362 0.802241 0.201812 0.794333 0.193703 0.776337 0.211253
0 0.777922 0.642128 0.785110 0.628676 0.750741 0.610311 0.743553 0.623763
0 0.684706 0.507806 0.693610 0.500894 0.676876 0.479336 0.667972 0.486247
0 0.866594 0.279212 0.869888 0.256133 0.861361 0.254916 0.858067 0.277995
0 0.751759 0.170454 0.759343 0.146524 0.748979 0.143239 0.741396 0.167170
0 0.647229 0.381488 0.655010 0.373961 0.632560 0.350753 0.624779 0.358280
0 0.744221 0.269112 0.761343 0.242381 0.751409 0.236018 0.734287 0.262748
0 0.891540 0.393869 0.911735 0.348889 0.834674 0.314289 0.814479 0.359269
0 0.705632 0.636273 0.715754 0.626651 0.695648 0.605501 0.685526 0.615123
0 0.653666 0.472547 0.663732 0.464645 0.644915 0.440676 0.634849 0.448578
0 0.725081 0.169312 0.733355 0.159727 0.711453 0.140821 0.703179 0.150406
0 0.702843 0.587970 0.719688 0.571589 0.711791 0.563468 0.694946 0.579849
0 0.635530 0.386335 0.644076 0.378667 0.626145 0.358682 0.617599 0.366350
0 0.571545 0.339242 0.579989 0.333062 0.566048 0.314016 0.557605 0.320197
0 0.706958 0.196235 0.711440 0.186373 0.690007 0.176632 0.685524 0.186493
0 0.535967 0.533821 0.564117 0.513268 0.556201 0.502426 0.528051 0.522979
0 0.737478 0.159602 0.749769 0.145060 0.714774 0.115481 0.702482 0.130023
0 0.777723 0.519162 0.782193 0.508150 0.758141 0.498387 0.753671 0.509399
0 0.610078 0.468999 0.637492 0.446362 0.629272 0.436409 0.601858 0.459046
0 0.651623 0.520792 0.680766 0.498094 0.672444 0.487409 0.643301 0.510106
0 0.418449 0.920830 0.498283 0.864154 0.463725 0.815474 0.383891 0.872151
0 0.927502 0.264031 0.934565 0.243250 0.924942 0.239979 0.917878 0.260760
0 0.813766 0.224783 0.828834 0.206282 0.820787 0.199729 0.805719 0.218230
0 0.761517 0.144545 0.779568 0.117203 0.769079 0.110278 0.751028 0.137621
0 0.963776 0.184128 0.972547 0.179612 0.964214 0.163430 0.955443 0.167947
0 0.712501 0.178674 0.718242 0.169115 0.696743 0.156203 0.691003 0.165761
0 0.609324 0.332022 0.630593 0.311983 0.622383 0.303270 0.601114 0.323309
0 0.759712 0.174810 0.767125 0.153435 0.757947 0.150252 0.750534 0.171627
0 0.675761 0.237648 0.696011 0.209865 0.683894 0.201033 0.663644 0.228817
0 0.546962 0.541335 0.573296 0.521809 0.565647 0.511492 0.539312 0.531018
0 0.719748 0.654825 0.727806 0.648547 0.714543 0.631524 0.706484 0.637803
0 0.611839 0.543061 0.620468 0.536866 0.606606 0.517555 0.597976 0.523750
0 0.830073 0.370520 0.834944 0.360836 0.812500 0.349545 0.807628 0.359229
0 0.645308 0.509572 0.672822 0.487842 0.665076 0.478034 0.637562 0.499763
0 0.438362 0.202099 0.449243 0.199203 0.441739 0.170999 0.430858 0.173894
0 0.656811 0.374774 0.664500 0.366983 0.643685 0.346438 0.635996 0.354228
0 0.624280 0.485879 0.650872 0.465184 0.642054 0.453853 0.615462 0.474548
0 0.682369 0.549229 0.705976 0.528988 0.697392 0.518977 0.673785 0.539218
0 0.600145 0.324554 0.619005 0.306018 0.611272 0.298149 0.592412 0.316686
0 0.939922 0.269923 0.947741 0.250084 0.938203 0.246325 0.930384 0.266164
0 0.770760 0.797361 0.779420 0.789283 0.759910 0.768366 0.751249 0.776444
0 0.581641 0.308505 0.605662 0.285541 0.597529 0.277033 0.573508 0.299997
0 0.595364 0.314182 0.614741 0.296674 0.607323 0.288464 0.587945 0.305971
0 0.504142 0.514926 0.528556 0.498983 0.522349 0.489477 0.497934 0.505420
0 0.733147 0.857998 0.789168 0.794885 0.688526 0.705553 0.632505 0.768666
0 0.562949 0.299304 0.581930 0.284346 0.575227 0.275841 0.556247 0.290799
0 0.492017 0.506482 0.518019 0.492654 0.512300 0.481900 0.486298 0.495728
0 0.601149 0.440953 0.616529 0.420556 0.607115 0.413459 0.591736 0.433855
0 0.719243 0.741071 0.725906 0.733470 0.708388 0.718114 0.701725 0.725715
0 0.511278 0.524343 0.535015 0.508806 0.528710 0.499173 0.504973 0.514710
0 0.419701 0.295535 0.448578 0.278849 0.442587 0.268480 0.413710 0.285166
0 0.500312 0.373939 0.515622 0.353726 0.507108 0.347277 0.491798 0.367490
0 0.752796 0.274503 0.765842 0.251478 0.757141 0.246548 0.744096 0.269574
0 0.732314 0.200147 0.736074 0.191461 0.718442 0.183828 0.714682 0.192514
0 0.467907 0.262241 0.479037 0.256306 0.464271 0.228611 0.453140 0.234545
0 0.417476 0.288793 0.418593 0.263602 0.409253 0.263188 0.408137 0.288379
0 0.603788 0.458720 0.627933 0.436956 0.619246 0.427319 0.595102 0.449082
0 0.518097 0.363258 0.539721 0.342442 0.531234 0.333626 0.509611 0.354443
0 0.669621 0.312417 0.677394 0.304949 0.662739 0.289696 0.654966 0.297164
0 0.761248 0.278893 0.772669 0.255958 0.764022 0.251651 0.752600 0.274587
0 0.528477 0.450545 0.537911 0.421621 0.527250 0.418144 0.517817 0.447068
0 0.934314 0.302618 0.940554 0.272408 0.930472 0.270325 0.924231 0.300535
0 0.543443 0.344117 0.551261 0.337530 0.538120 0.321934 0.530302 0.328522
0 0.527744 0.368968 0.545994 0.351569 0.538948 0.344177 0.520697 0.361576
0 0.521076 0.436465 0.530145 0.411613 0.520951 0.408258 0.511882 0.433110
0 0.512602 0.426924 0.522226 0.402106 0.512782 0.398444 0.503158 0.423262
0 0.707510 0.186034 0.711701 0.178256 0.691858 0.167565 0.687667 0.175344
