0 0.471854 0.920213 0.501124 0.888848 0.489031 0.877562 0.459760 0.908928
0 0.976624 0.226534 0.987078 0.223124 0.978597 0.197129 0.968144 0.200540
0 0.587077 0.069187 0.601264 0.059736 0.556450 0.000000 0.542263 0.001920
0 0.905775 0.265890 0.905326 0.241301 0.892683 0.241532 0.893133 0.266121
0 0.288184 0.237307 0.309319 0.216412 0.277307 0.184033 0.256172 0.204928
0 0.287356 0.245639 0.297150 0.236166 0.274669 0.212925 0.264875 0.222398
0 0.783071 0.995207 0.783622 0.981567 0.776060 0.981262 0.775508 0.994901
0 0.797029 0.995683 0.797364 0.981967 0.789825 0.981783 0.789491 0.995499
0 0.715294 0.995618 0.715823 0.984979 0.707227 0.984552 0.706699 0.995191
0 0.773630 0.995124 0.774115 0.982253 0.766410 0.981962 0.765925 0.994834
