0 0.398431 0.818090 0.401815 0.775294 0.280423 0.765694 0.277039 0.808489
0 0.332155 0.761401 0.333846 0.740570 0.285717 0.736663 0.284026 0.757495
0 0.391092 0.700758 0.393716 0.682212 0.307405 0.670000 0.304781 0.688546
0 0.492769 0.444985 0.502622 0.430668 0.432666 0.382523 0.422812 0.396840
0 0.449216 0.564267 0.461238 0.543545 0.381057 0.497026 0.369035 0.517747
0 0.783098 0.995232 0.783650 0.981697 0.776053 0.981388 0.775501 0.994923
0 0.594024 0.347120 0.605991 0.342407 0.570439 0.252146 0.558472 0.256860
0 0.796933 0.995305 0.797323 0.981077 0.790033 0.980877 0.789643 0.995106
0 0.773870 0.995310 0.774332 0.982283 0.766362 0.982000 0.765900 0.995027
0 0.662614 0.906224 0.674525 0.900826 0.661830 0.872816 0.649920 0.878214
0 0.764259 0.995202 0.764935 0.982163 0.757325 0.981768 0.756649 0.994808
0 0.704817 0.997715 0.705033 0.984812 0.697155 0.984680 0.696939 0.997583
0 0.715181 0.995398 0.715566 0.985100 0.707202 0.984787 0.706818 0.995086
0 0.986564 0.244900 0.995984 0.235953 0.974868 0.213721 0.965449 0.222667
0 0.835342 0.995261 0.835505 0.985287 0.829261 0.985185 0.829098 0.995159
0 0.996754 0.235340 1.000000 0.221513 0.980333 0.185057 0.964638 0.198884
0 0.817903 0.994832 0.818156 0.984549 0.811864 0.984394 0.811611 0.994677
0 0.755618 0.995501 0.756145 0.982161 0.747543 0.981821 0.747016 0.995161
0 0.851239 0.994891 0.851544 0.982203 0.846448 0.982081 0.846143 0.994768
0 0.858417 0.994507 0.859125 0.982645 0.854070 0.982343 0.853362 0.994205
0 0.745658 0.995791 0.747009 0.982869 0.735509 0.981666 0.734158 0.994588
0 0.576003 0.859421 0.593169 0.853904 0.582124 0.819534 0.564958 0.825051
0 0.727405 0.997439 0.727532 0.984671 0.717904 0.984576 0.717777 0.997343
0 0.694957 0.995595 0.695258 0.984991 0.688758 0.984807 0.688456 0.995410
0 0.867262 0.995253 0.867779 0.984737 0.861226 0.984415 0.860709 0.994931
0 0.807921 0.995119 0.807940 0.983600 0.802496 0.983592 0.802477 0.995110
0 0.826806 0.994923 0.826968 0.985240 0.821502 0.985149 0.821340 0.994832
