0 0.889834 0.426402 0.902627 0.376127 0.783119 0.345717 0.770326 0.395992
0 0.102913 0.495697 0.108553 0.477435 0.061686 0.462959 0.056045 0.481221
0 0.066002 0.683000 0.077174 0.665841 0.033587 0.637464 0.022416 0.654623
0 0.093781 0.510979 0.098759 0.495759 0.057705 0.482332 0.052727 0.497552
0 0.167012 0.517497 0.195460 0.466645 0.179758 0.457861 0.151310 0.508713
0 0.142445 0.524674 0.150953 0.510262 0.111873 0.487194 0.103366 0.501607
0 0.130287 0.538989 0.139103 0.524668 0.104423 0.503319 0.095607 0.517640
0 0.109363 0.568871 0.117286 0.555430 0.084462 0.536081 0.076539 0.549523
0 0.121062 0.555656 0.129558 0.540768 0.094440 0.520725 0.085943 0.535612
0 0.112911 0.444059 0.119180 0.430334 0.084602 0.414540 0.078332 0.428265
0 0.099926 0.455371 0.104786 0.443110 0.075994 0.431698 0.071134 0.443959
0 0.096424 0.598798 0.103062 0.586527 0.070582 0.568956 0.063944 0.581227
0 0.150816 0.499189 0.170230 0.463154 0.157819 0.456468 0.138405 0.492503
0 0.088026 0.629090 0.094890 0.614487 0.056536 0.596460 0.049672 0.611063
0 0.092693 0.613891 0.099688 0.600537 0.064148 0.581920 0.057153 0.595273
0 0.184271 0.395194 0.190204 0.382963 0.162752 0.369647 0.156819 0.381878
0 0.075066 0.662226 0.084790 0.646881 0.045410 0.621929 0.035686 0.637275
0 0.001002 0.562611 0.016913 0.546316 0.007804 0.537422 0.000000 0.553717
0 0.071897 0.289803 0.089024 0.251851 0.076571 0.246231 0.059443 0.284182
0 0.245960 0.305940 0.256597 0.243432 0.162736 0.227459 0.152099 0.289968
0 0.192164 0.380590 0.205590 0.351776 0.194274 0.346503 0.180847 0.375318
0 0.094629 0.305034 0.107238 0.280024 0.096586 0.274653 0.083976 0.299663
0 0.224147 0.309680 0.227717 0.274248 0.214573 0.272923 0.211002 0.308355
0 0.138702 0.417546 0.147826 0.399704 0.101918 0.376227 0.092794 0.394068
0 0.137377 0.354544 0.151944 0.322482 0.140781 0.317410 0.126214 0.349473
0 0.098355 0.473094 0.103283 0.460844 0.069927 0.447426 0.064999 0.459677
0 0.346948 0.115972 0.376593 0.065901 0.278635 0.007904 0.248990 0.057975
0 0.164079 0.364042 0.178032 0.334520 0.167846 0.329706 0.153893 0.359228
0 0.103447 0.586359 0.110522 0.574171 0.079826 0.556354 0.072752 0.568542
0 0.177774 0.368028 0.189511 0.342498 0.179779 0.338024 0.168042 0.363554
0 0.155350 0.383990 0.161403 0.372980 0.136425 0.359248 0.130373 0.370259
0 0.193305 0.292772 0.197522 0.258430 0.184896 0.256879 0.180679 0.291222
0 0.078049 0.642503 0.085363 0.629010 0.050396 0.610058 0.043083 0.623552
0 0.100944 0.222818 0.119768 0.202560 0.110951 0.194367 0.092127 0.214625
0 0.007572 0.696822 0.017634 0.689939 0.002691 0.668092 0.000000 0.674975
0 0.120744 0.484337 0.135158 0.458347 0.124962 0.452691 0.110547 0.478682
0 0.151467 0.358731 0.163463 0.333323 0.153212 0.328483 0.141216 0.353891
0 0.199155 0.406791 0.211416 0.383742 0.201723 0.378585 0.189461 0.401634
0 0.121234 0.428474 0.128750 0.413918 0.097245 0.397651 0.089730 0.412207
0 0.062059 0.202275 0.083891 0.174266 0.074251 0.166752 0.052419 0.194760
0 0.011124 0.268750 0.026315 0.245754 0.016375 0.239188 0.001184 0.262184
0 0.073902 0.204510 0.093989 0.180665 0.084836 0.172954 0.064749 0.196799
0 0.002636 0.588199 0.020200 0.570623 0.012245 0.562673 0.000000 0.580250
0 0.669232 0.915695 0.723733 0.884756 0.679283 0.806456 0.624783 0.837395
0 0.010974 0.179490 0.018225 0.170173 0.000639 0.156487 0.000000 0.165804
0 0.005940 0.635302 0.015571 0.628102 0.001595 0.609407 0.000000 0.616607
0 0.083767 0.218813 0.101501 0.202756 0.093766 0.194213 0.076032 0.210269
0 0.655135 1.000000 0.678974 0.969805 0.584144 0.919631 0.560305 0.964687
0 0.044922 0.268942 0.061099 0.243131 0.051484 0.237105 0.035307 0.262916
0 0.051527 0.172465 0.059144 0.147343 0.048424 0.144093 0.040807 0.169215
0 0.070792 0.797070 0.079172 0.789423 0.060230 0.768665 0.051851 0.776312
0 0.019842 0.654121 0.027581 0.647837 0.014932 0.632261 0.007194 0.638546
0 0.953870 0.103357 0.969221 0.050675 0.864493 0.020158 0.849142 0.072840
0 0.130050 0.371324 0.135264 0.361655 0.112922 0.349607 0.107708 0.359275
0 0.025144 0.169180 0.033338 0.159813 0.011745 0.140924 0.003551 0.150291
0 0.883316 0.240111 0.910262 0.155614 0.827235 0.129136 0.800289 0.213634
0 0.166442 0.280308 0.170397 0.257091 0.161586 0.255590 0.157630 0.278806
0 0.111884 0.226299 0.129824 0.207619 0.121413 0.199541 0.103473 0.218221
0 0.038225 0.161284 0.050379 0.146788 0.013298 0.115699 0.001144 0.130195
0 0.191878 0.394538 0.212447 0.350021 0.134356 0.313940 0.113787 0.358457
0 0.007008 0.197003 0.009932 0.184120 0.000000 0.181658 0.000000 0.194540
0 0.404240 0.017014 0.419602 0.002017 0.408425 0.000000 0.393064 0.005567
0 0.019161 0.740892 0.025613 0.733137 0.007390 0.717975 0.000937 0.725730
0 0.076491 0.519070 0.081078 0.507954 0.057363 0.498169 0.052777 0.509285
0 0.059896 0.176245 0.067549 0.153546 0.057909 0.150296 0.050256 0.172995
0 0.005916 0.704211 0.011738 0.698869 0.000739 0.686882 0.000000 0.692224
0 0.043545 0.853976 0.095074 0.788461 0.004805 0.717462 0.000000 0.782977
0 0.228561 0.264298 0.233725 0.243198 0.223772 0.240762 0.218608 0.261862
0 0.239590 0.270672 0.247014 0.249909 0.237437 0.246485 0.230012 0.267247
0 0.355533 0.116655 0.383459 0.075289 0.371089 0.066939 0.343163 0.108304
0 0.060894 0.144836 0.079433 0.117583 0.069301 0.110690 0.050761 0.137943
0 0.061873 0.278723 0.073697 0.255400 0.064800 0.250890 0.052976 0.274213
0 0.053141 0.273231 0.065617 0.251598 0.057333 0.246820 0.044856 0.268453
0 0.017311 0.835943 0.021467 0.814420 0.012292 0.812648 0.008135 0.834171
0 0.448392 0.478695 0.458421 0.451495 0.447211 0.447362 0.437183 0.474562
0 0.034935 0.760018 0.041492 0.754397 0.031650 0.742916 0.025093 0.748538
0 0.053147 0.834320 0.060214 0.806001 0.048634 0.803111 0.041567 0.831430
0 0.564612 0.963046 0.589950 0.920080 0.576689 0.912260 0.551351 0.955226
0 0.264494 0.183792 0.272354 0.178899 0.262509 0.163081 0.254648 0.167973
0 0.033683 0.840850 0.039837 0.818410 0.030763 0.815921 0.024609 0.838361
0 0.235080 0.297308 0.240181 0.271449 0.230030 0.269447 0.224929 0.295306
0 0.652758 0.161830 0.658135 0.133613 0.646645 0.131423 0.641268 0.159641
0 0.506186 0.735372 0.516203 0.732820 0.511497 0.714343 0.501480 0.716894
0 0.059315 0.671650 0.176503 0.457906 0.096864 0.414243 0.000000 0.627987
0 0.049102 0.774496 0.055441 0.768123 0.042162 0.754916 0.035823 0.761290
0 0.004983 0.703407 0.012761 0.696751 0.000000 0.680400 0.000000 0.687055
0 0.536752 1.000000 0.537271 0.991352 0.522349 0.990565 0.521830 1.000000
0 0.126934 0.485421 0.140416 0.459419 0.131588 0.454841 0.118106 0.480844
