0 0.216324 0.276111 0.244786 0.264294 0.203826 0.165638 0.175363 0.177455
0 0.564103 0.411353 0.573968 0.395031 0.527533 0.366968 0.517668 0.383290
0 0.108938 0.470688 0.126782 0.458065 0.093802 0.411446 0.075958 0.424069
0 0.851944 0.879630 0.868508 0.816841 0.860704 0.814782 0.844140 0.877571
0 0.009522 0.526357 0.028049 0.519011 0.010795 0.475495 0.000000 0.482841
0 0.247925 0.726991 0.248008 0.716070 0.170187 0.715484 0.170104 0.726405
0 0.613636 0.197451 0.632974 0.020750 0.604763 0.017663 0.585425 0.194364
0 0.222769 0.878240 0.222649 0.864321 0.135418 0.865075 0.135538 0.878994
0 0.035077 0.620612 0.049914 0.611063 0.023550 0.570099 0.008713 0.579648
0 0.656862 0.815582 0.656953 0.804525 0.586309 0.803945 0.586218 0.815001
0 0.928996 0.160563 0.940259 0.156210 0.923215 0.112113 0.911953 0.116466
0 0.461933 0.727849 0.461984 0.715630 0.381972 0.715298 0.381922 0.727517
0 0.443525 0.866387 0.443662 0.852591 0.367321 0.851830 0.367184 0.865626
0 0.881649 0.400087 0.892260 0.386946 0.860660 0.361431 0.850050 0.374571
