0 0.915762 0.275559 0.944246 0.263805 0.904265 0.166915 0.875780 0.178669
0 0.710891 0.527895 0.730132 0.518542 0.709637 0.476380 0.690397 0.485733
0 0.810523 0.469211 0.825582 0.457225 0.790256 0.412840 0.775197 0.424825
0 0.368039 0.065492 0.368061 0.054297 0.302783 0.054169 0.302761 0.065364
0 0.407427 0.335855 0.416322 0.331255 0.404371 0.308141 0.395476 0.312740
0 0.951396 0.726650 0.951416 0.717124 0.885830 0.716992 0.885811 0.726518
0 0.918780 0.878002 0.918623 0.864824 0.831754 0.865863 0.831911 0.879041
0 0.327853 0.251827 0.327795 0.242189 0.289266 0.242422 0.289325 0.252060
0 0.040315 0.481517 0.044865 0.478934 0.033800 0.459441 0.029250 0.462023
0 0.109607 0.227523 0.109594 0.216383 0.038637 0.216470 0.038651 0.227611
0 0.735198 0.621145 0.750006 0.611786 0.723536 0.569906 0.708729 0.579265
0 0.783008 0.995092 0.783542 0.981731 0.776025 0.981431 0.775492 0.994792
0 0.796934 0.995152 0.797295 0.981924 0.790069 0.981726 0.789708 0.994955
0 0.773664 0.994997 0.774067 0.982366 0.766348 0.982120 0.765944 0.994751
0 0.176643 0.502544 0.176615 0.490617 0.102594 0.490786 0.102621 0.502713
0 0.835169 0.995154 0.835345 0.985406 0.829328 0.985298 0.829152 0.995046
0 0.851058 0.994872 0.851448 0.982392 0.846604 0.982241 0.846213 0.994720
0 0.693661 0.753135 0.693553 0.741406 0.638602 0.741916 0.638711 0.753644
0 0.858375 0.994448 0.859074 0.982856 0.854182 0.982562 0.853483 0.994153
0 0.715498 0.995730 0.716068 0.985109 0.707442 0.984646 0.706872 0.995267
0 0.817916 0.994792 0.818161 0.984581 0.811872 0.984430 0.811626 0.994641
0 0.764316 0.994947 0.764857 0.982222 0.757405 0.981906 0.756864 0.994630
0 0.886459 0.995246 0.886506 0.984683 0.879629 0.984652 0.879581 0.995216
0 0.867129 0.995157 0.867671 0.984791 0.861249 0.984455 0.860706 0.994821
