0 0.218474 0.553499 0.249202 0.424776 0.180297 0.408327 0.149568 0.537050
0 0.399639 0.524248 0.458980 0.472038 0.434192 0.443864 0.374851 0.496074
0 0.120575 0.536655 0.154135 0.401491 0.092967 0.386303 0.059407 0.521468
0 0.053071 0.351352 0.079075 0.259113 0.058502 0.253313 0.032498 0.345552
0 0.128267 0.404313 0.160959 0.289785 0.099747 0.272312 0.067055 0.386841
0 0.263406 0.082731 0.267128 0.068266 0.226310 0.057762 0.222587 0.072228
0 0.248220 0.165374 0.250436 0.152427 0.205455 0.144730 0.203239 0.157678
0 0.258297 0.098410 0.262957 0.081436 0.215921 0.068522 0.211261 0.085496
0 0.152083 0.168069 0.156613 0.123717 0.140009 0.122021 0.135479 0.166373
0 0.093404 0.089455 0.095367 0.075955 0.061999 0.071104 0.060036 0.084603
0 0.143970 0.192494 0.171069 0.159692 0.159314 0.149981 0.132215 0.182782
0 0.120321 0.077065 0.129448 0.047398 0.119456 0.044324 0.110329 0.073991
0 0.107405 0.347118 0.119717 0.305921 0.105688 0.301729 0.093376 0.342925
0 0.243033 0.176687 0.245672 0.166275 0.208734 0.156911 0.206095 0.167323
0 0.173977 0.027694 0.194864 0.002325 0.186269 0.000000 0.165382 0.020618
0 0.241201 0.188118 0.244471 0.177249 0.209403 0.166700 0.206134 0.177570
0 0.247074 0.149638 0.249280 0.138171 0.211759 0.130950 0.209552 0.142418
0 0.102204 0.074260 0.109605 0.046568 0.099191 0.043785 0.091791 0.071477
0 0.118560 0.541669 0.173647 0.289020 0.098642 0.272666 0.043555 0.525315
0 0.236757 0.198629 0.240247 0.188180 0.211059 0.178432 0.207569 0.188881
0 0.110518 0.074874 0.118153 0.048005 0.109347 0.045502 0.101712 0.072372
0 0.184369 0.029295 0.204552 0.005166 0.196667 0.000000 0.176484 0.022699
0 0.373305 0.236709 0.383770 0.205558 0.370672 0.201158 0.360208 0.232309
0 0.141910 0.132539 0.143273 0.122514 0.107819 0.117693 0.106455 0.127718
0 0.233221 0.211289 0.237396 0.200879 0.211866 0.190641 0.207691 0.201051
0 0.045994 0.124810 0.045951 0.112123 0.012613 0.112236 0.012655 0.124922
0 0.216114 0.039855 0.233898 0.017002 0.226025 0.010875 0.208240 0.033728
0 0.138295 0.142838 0.140029 0.131885 0.102886 0.126006 0.101153 0.136959
0 0.226228 0.041032 0.240226 0.023102 0.233364 0.017745 0.219366 0.035675
0 0.209862 0.033360 0.225343 0.013770 0.218564 0.008412 0.203083 0.028002
