0 0.635765 0.821999 0.666935 0.793737 0.511455 0.622255 0.480284 0.650517
0 0.526535 0.508839 0.549400 0.503174 0.547587 0.495854 0.524721 0.501520
0 0.579362 0.848397 0.605407 0.818876 0.468886 0.698430 0.442841 0.727951
0 0.359084 0.739093 0.370096 0.736355 0.363635 0.710372 0.352623 0.713110
0 0.556863 0.815935 0.570695 0.793385 0.560853 0.787348 0.547022 0.809898
0 0.615945 0.857050 0.664938 0.840899 0.661801 0.831381 0.612807 0.847532
0 0.421942 0.932612 0.422172 0.921549 0.394823 0.920980 0.394593 0.932043
0 0.426235 0.921037 0.426454 0.908767 0.394408 0.908195 0.394189 0.920464
0 0.594008 1.000000 0.622574 0.988502 0.614680 0.977769 0.586115 0.998775
0 0.257698 0.721747 0.281751 0.716342 0.279718 0.707296 0.255665 0.712701
0 0.426150 0.969687 0.426105 0.956090 0.388827 0.956213 0.388871 0.969810
0 0.741786 0.055329 0.741438 0.026042 0.712147 0.026390 0.712496 0.055677
0 0.540602 0.808070 0.561578 0.782402 0.530230 0.756784 0.509253 0.782451
0 0.574872 0.833431 0.585590 0.810586 0.575268 0.805743 0.564549 0.828588
0 0.583667 1.000000 0.606029 0.978098 0.597766 0.970281 0.575404 0.993919
0 0.481167 0.995422 0.519292 0.983034 0.515997 0.972893 0.477872 0.985281
