0 0.653968 0.389069 0.674432 0.383224 0.659200 0.329897 0.638736 0.335742
0 0.150237 0.881136 0.166804 0.815659 0.159083 0.813705 0.142516 0.879183
0 0.783291 0.995318 0.783796 0.981618 0.775938 0.981328 0.775433 0.995029
0 0.773888 0.995207 0.774232 0.982154 0.766095 0.981940 0.765751 0.994992
0 0.363249 1.000000 0.377729 0.975159 0.370144 0.971367 0.355663 1.000000
0 0.764473 0.995099 0.765011 0.981965 0.757242 0.981646 0.756703 0.994780
0 0.506605 0.799025 0.516356 0.797620 0.512784 0.772811 0.503032 0.774215
0 0.747191 0.877590 0.757460 0.866595 0.720590 0.832160 0.710321 0.843155
0 0.797322 0.995971 0.797591 0.981887 0.789709 0.981737 0.789440 0.995820
0 0.704979 0.997911 0.705122 0.984682 0.696947 0.984594 0.696804 0.997823
0 0.715665 0.995796 0.716128 0.985025 0.707102 0.984637 0.706639 0.995409
0 0.835464 0.995479 0.835602 0.985201 0.829129 0.985114 0.828991 0.995392
0 0.872260 0.616263 0.872335 0.603113 0.795766 0.602680 0.795691 0.615829
0 0.818077 0.994978 0.818296 0.984361 0.811626 0.984223 0.811407 0.994841
0 0.728018 0.997711 0.728287 0.984476 0.717907 0.984265 0.717638 0.997500
0 0.858563 0.994730 0.859234 0.982861 0.853944 0.982561 0.853272 0.994430
0 0.851335 0.994964 0.851678 0.982351 0.846465 0.982209 0.846121 0.994822
0 0.761372 0.813393 0.761254 0.803775 0.713421 0.804362 0.713539 0.813980
0 0.867615 0.995493 0.868131 0.984675 0.861053 0.984337 0.860536 0.995155
0 0.755783 0.995372 0.756201 0.982020 0.747349 0.981743 0.746931 0.995095
0 0.886620 0.995441 0.886684 0.984605 0.879223 0.984561 0.879158 0.995397
0 0.746135 0.995865 0.747495 0.982705 0.735261 0.981441 0.733901 0.994601
0 0.227005 0.161063 0.238771 0.156630 0.221091 0.109707 0.209326 0.114140
