0 0.714192 0.125689 0.748412 0.110112 0.741916 0.095843 0.707696 0.111420
0 0.915663 0.025512 0.918835 0.013033 0.883387 0.004023 0.880215 0.016502
0 0.106427 0.335987 0.155042 0.327590 0.153024 0.315908 0.104410 0.324305
0 0.193712 0.075696 0.235362 0.059331 0.229797 0.045166 0.188147 0.061531
0 0.371161 0.214113 0.401851 0.185272 0.391031 0.173758 0.360341 0.202599
0 0.787791 0.238808 0.792602 0.225175 0.752256 0.210937 0.747445 0.224570
0 0.146912 0.239306 0.203040 0.235747 0.202034 0.219885 0.145907 0.223443
0 0.458014 0.183191 0.458059 0.172942 0.419623 0.172775 0.419579 0.183023
0 0.191199 0.253206 0.191862 0.240087 0.157050 0.238327 0.156386 0.251446
0 0.266672 0.305588 0.298659 0.286402 0.291987 0.275279 0.260000 0.294464
0 0.609456 0.095168 0.609483 0.086672 0.539614 0.086444 0.539586 0.094940
0 0.348871 0.085799 0.384593 0.058840 0.377754 0.049778 0.342032 0.076737
0 0.861033 0.105776 0.860778 0.091800 0.816818 0.092603 0.817073 0.106579
0 0.638058 0.014448 0.672065 0.006705 0.668963 0.000000 0.634956 0.000823
0 0.313957 0.083638 0.356867 0.067898 0.352063 0.054801 0.309153 0.070542
0 0.102907 0.084218 0.135880 0.075682 0.132580 0.062935 0.099607 0.071471
0 0.118734 0.350892 0.149815 0.339835 0.146437 0.330339 0.115355 0.341396
0 0.056263 0.391987 0.067366 0.363959 0.056347 0.359594 0.045244 0.387622
0 0.088697 0.087778 0.118057 0.046972 0.101424 0.035004 0.072063 0.075810
0 0.186877 0.239008 0.186899 0.216144 0.151117 0.216110 0.151095 0.238973
0 0.981030 0.238579 1.000000 0.221844 0.998454 0.209703 0.973036 0.226439
0 0.109532 0.345467 0.155006 0.336751 0.152901 0.325770 0.107427 0.334486
0 0.783066 0.995101 0.783622 0.981869 0.775853 0.981542 0.775297 0.994774
0 0.244842 0.200289 0.279091 0.169494 0.268288 0.157480 0.234039 0.188275
0 0.773736 0.995080 0.774190 0.982496 0.766224 0.982209 0.765770 0.994793
0 0.231248 0.430817 0.234388 0.429351 0.230714 0.421483 0.227574 0.422949
