0 0.169899 0.569922 0.171942 0.557393 0.143758 0.552796 0.141715 0.565324
0 0.014128 0.824410 0.048192 0.808778 0.041467 0.794122 0.007403 0.809754
0 0.215858 0.724226 0.219135 0.711595 0.182364 0.702056 0.179088 0.714687
0 0.783137 0.995394 0.783658 0.981630 0.776084 0.981343 0.775563 0.995108
0 0.326630 0.167711 0.539290 0.154393 0.537920 0.132503 0.325259 0.145821
0 0.773842 0.995300 0.774187 0.982084 0.766184 0.981875 0.765839 0.995090
0 0.615665 0.806457 0.615701 0.797034 0.570482 0.796864 0.570447 0.806287
0 0.764314 0.995189 0.764861 0.981994 0.757322 0.981681 0.756775 0.994877
0 0.502089 0.855954 0.521578 0.842064 0.515254 0.833191 0.495766 0.847081
0 0.601221 0.968230 0.634248 0.954355 0.628804 0.941395 0.595776 0.955269
0 0.704984 0.997905 0.705102 0.984662 0.697168 0.984591 0.697051 0.997834
0 0.746173 0.770461 0.746305 0.758570 0.663387 0.757649 0.663255 0.769540
0 0.796953 0.995801 0.797303 0.982027 0.789808 0.981837 0.789458 0.995610
0 0.087244 0.936803 0.091908 0.921950 0.052486 0.909570 0.047821 0.924424
0 0.983273 0.781881 0.983413 0.772532 0.903323 0.771337 0.903184 0.780686
0 0.117753 0.807137 0.161079 0.804912 0.160328 0.790293 0.117002 0.792518
0 0.577380 0.957344 0.577643 0.947592 0.519638 0.946030 0.519375 0.955782
0 0.715547 0.995682 0.715829 0.984869 0.707190 0.984644 0.706908 0.995457
0 0.065906 0.651540 0.069523 0.641361 0.039807 0.630802 0.036190 0.640982
0 0.835253 0.995341 0.835393 0.985356 0.829347 0.985271 0.829207 0.995256
0 0.914043 0.995302 0.914344 0.984321 0.907064 0.984121 0.906763 0.995102
0 0.850999 0.994964 0.851367 0.982454 0.846537 0.982312 0.846169 0.994822
0 0.867061 0.995347 0.867505 0.984720 0.861238 0.984458 0.860794 0.995085
0 0.015306 0.172537 0.046199 0.167922 0.044062 0.153619 0.013169 0.158234
0 0.727713 0.997613 0.727917 0.984490 0.718105 0.984338 0.717902 0.997461
0 0.075736 0.997435 0.077960 0.973459 0.062365 0.972013 0.060141 0.995988
0 0.755690 0.995557 0.756114 0.982066 0.747525 0.981796 0.747101 0.995287
0 0.886299 0.995252 0.886360 0.984584 0.879767 0.984546 0.879706 0.995214
0 0.817963 0.994916 0.818145 0.984415 0.811778 0.984305 0.811596 0.994806
0 0.858307 0.994647 0.858893 0.982972 0.854059 0.982729 0.853472 0.994404
0 0.694691 0.995952 0.694929 0.984670 0.688747 0.984539 0.688509 0.995822
0 0.746160 0.995932 0.747511 0.982738 0.735214 0.981479 0.733862 0.994672
0 0.923820 0.995540 0.924089 0.984341 0.916364 0.984155 0.916095 0.995354
0 0.974256 0.997434 0.975283 0.985399 0.966992 0.984691 0.965964 0.996727
0 0.964432 0.995715 0.965165 0.985048 0.956651 0.984463 0.955917 0.995130
0 0.869348 0.994949 0.869620 0.984665 0.863254 0.984496 0.862983 0.994781
0 0.984104 0.780672 0.984125 0.772970 0.940443 0.772849 0.940421 0.780551
0 0.805043 0.994961 0.804990 0.982662 0.799479 0.982686 0.799533 0.994985
0 0.808106 0.995124 0.808127 0.983351 0.802734 0.983341 0.802713 0.995114
0 0.599433 0.807239 0.599487 0.796163 0.534627 0.795844 0.534572 0.806919
0 0.826853 0.994980 0.826990 0.985207 0.821568 0.985131 0.821431 0.994903
0 0.392537 0.644155 0.392554 0.634085 0.345714 0.634005 0.345697 0.644076
0 0.986879 0.996246 0.987815 0.984723 0.979542 0.984050 0.978606 0.995574
0 0.168124 0.289622 0.178169 0.273733 0.169494 0.268249 0.159449 0.284138
0 0.950915 0.995490 0.951262 0.984615 0.944055 0.984385 0.943708 0.995260
0 0.486899 0.853514 0.505363 0.837404 0.498395 0.829417 0.479931 0.845527
0 0.997092 0.995824 0.998159 0.986399 0.989602 0.985430 0.988535 0.994856
0 1.000000 0.999227 1.000000 0.977690 0.800829 0.978957 0.800961 1.000000
0 0.022328 0.185842 0.051589 0.178662 0.048568 0.166348 0.019306 0.173528
0 0.302787 0.789805 0.331155 0.783233 0.328254 0.770714 0.299887 0.777287
0 0.572979 0.139236 0.695350 0.010272 0.677989 0.000000 0.555617 0.122763
0 0.488788 0.951812 0.518879 0.922338 0.508696 0.911942 0.478605 0.941416
