0 0.830221 0.029806 0.840022 0.023375 0.821798 0.000000 0.811997 0.002030
0 0.806483 0.215362 0.814301 0.209277 0.796114 0.185913 0.788296 0.191998
0 0.835688 0.191173 0.843455 0.185763 0.829480 0.165698 0.821713 0.171107
0 0.874779 0.049821 0.883891 0.044477 0.868543 0.018306 0.859432 0.023650
0 0.797478 0.088809 0.806037 0.083697 0.792226 0.060573 0.783667 0.065685
0 0.887141 0.039958 0.896495 0.034873 0.883258 0.010519 0.873904 0.015604
0 0.837383 0.070005 0.847617 0.064094 0.831882 0.036855 0.821648 0.042766
0 0.742434 0.079166 0.752400 0.073686 0.735497 0.042947 0.725531 0.048427
0 0.874898 0.160018 0.882289 0.154428 0.867164 0.134430 0.859773 0.140021
0 0.883092 0.193766 0.890651 0.188113 0.876992 0.169849 0.869434 0.175502
0 0.916081 0.175764 0.923820 0.170114 0.907750 0.148106 0.900011 0.153757
0 0.864050 0.169820 0.871290 0.164549 0.859023 0.147700 0.851783 0.152971
0 0.824461 0.241303 0.832436 0.235335 0.817224 0.215007 0.809249 0.220974
0 0.910757 0.024051 0.919730 0.019322 0.907979 0.000000 0.899006 0.001754
0 0.914908 0.132871 0.923139 0.126804 0.908328 0.106709 0.900097 0.112776
0 0.815215 0.246451 0.984303 0.122502 0.950966 0.077024 0.781878 0.200973
0 0.903117 0.141431 0.911375 0.135372 0.896177 0.114660 0.887919 0.120719
0 0.835939 0.231346 0.843615 0.225615 0.829030 0.206079 0.821354 0.211810
0 0.861578 0.055025 0.870649 0.049474 0.855558 0.024813 0.846487 0.030364
0 0.809108 0.080587 0.817753 0.075920 0.805328 0.052902 0.796682 0.057570
0 0.855176 0.017464 0.866284 0.009779 0.854722 0.000000 0.843615 0.000756
0 0.943402 0.110263 0.950776 0.104996 0.938154 0.087326 0.930780 0.092594
0 0.934469 0.116838 0.941880 0.110878 0.927908 0.093507 0.920497 0.099468
0 0.872673 0.199694 0.879560 0.194834 0.868044 0.178516 0.861158 0.183376
0 0.901171 0.036890 0.910588 0.031027 0.894883 0.005805 0.885466 0.011668
0 0.854512 0.216193 0.861978 0.210669 0.848333 0.192227 0.840867 0.197751
0 0.936832 0.160961 0.944397 0.154652 0.926753 0.133496 0.919188 0.139805
0 0.825946 0.200622 0.832915 0.195503 0.820389 0.178450 0.813421 0.183569
0 0.843737 0.222600 0.851048 0.217198 0.837764 0.199217 0.830452 0.204619
0 0.894859 0.146952 0.901698 0.141438 0.888143 0.124629 0.881305 0.130142
0 0.768963 0.064830 0.778005 0.059349 0.763440 0.035319 0.754397 0.040800
0 0.847600 0.060122 0.856338 0.054840 0.842350 0.031700 0.833613 0.036982
0 0.924399 0.021736 0.933981 0.016340 0.921764 0.000000 0.912183 0.000042
0 0.872952 0.011084 0.879732 0.003540 0.870332 0.000000 0.863551 0.002634
0 0.856035 0.175441 0.862476 0.170630 0.851147 0.155466 0.844706 0.160277
0 0.769119 0.097014 0.776398 0.092991 0.766710 0.075465 0.759431 0.079489
0 0.816517 0.205227 0.823437 0.199844 0.810351 0.183020 0.803431 0.188402
0 0.711114 0.673058 0.729881 0.655769 0.721066 0.646200 0.702299 0.663489
0 0.759578 0.110450 0.768240 0.105653 0.754994 0.081737 0.746332 0.086534
0 0.761526 0.116412 0.950940 0.005268 0.914480 0.000000 0.725066 0.054277
0 0.924228 0.166901 0.931161 0.161478 0.917308 0.143766 0.910375 0.149189
0 0.969279 0.118154 0.981315 0.108676 0.977398 0.103702 0.965362 0.113180
0 0.640070 0.136695 0.640854 0.126386 0.619499 0.124760 0.618714 0.135069
0 0.637044 0.416183 0.663729 0.409463 0.660410 0.396284 0.633726 0.403003
0 0.569815 0.371909 0.592341 0.359787 0.586378 0.348705 0.563851 0.360828
0 0.973827 0.123912 0.986519 0.113519 0.981926 0.107911 0.969235 0.118303
0 0.960529 0.107104 0.973179 0.097595 0.969194 0.092295 0.956545 0.101804
0 0.056228 0.783430 0.088064 0.779032 0.086451 0.767359 0.054615 0.771757
0 0.959718 0.130529 0.965339 0.126670 0.956947 0.114443 0.951325 0.118302
0 0.922910 0.122639 0.929428 0.117683 0.916904 0.101208 0.910385 0.106164
0 0.640667 0.431645 0.675470 0.423293 0.672205 0.409688 0.637402 0.418041
0 0.246590 0.851572 0.247320 0.838812 0.219250 0.837208 0.218521 0.849967
0 0.040967 0.915587 0.072619 0.899846 0.064124 0.882763 0.032472 0.898504
0 0.951326 0.095741 0.964259 0.086927 0.960218 0.080998 0.947285 0.089812
0 0.612937 0.318960 0.616857 0.312190 0.602338 0.303781 0.598418 0.310551
0 0.750324 0.472884 0.768900 0.459389 0.762357 0.450383 0.743782 0.463878
0 0.956667 0.102038 0.969832 0.092136 0.965796 0.086769 0.952630 0.096671
0 0.965096 0.113053 0.977540 0.103896 0.973743 0.098736 0.961299 0.107893
0 0.220978 0.923775 0.263120 0.901248 0.255623 0.887222 0.213481 0.909749
0 0.075657 0.997073 0.077655 0.974058 0.061851 0.972686 0.059852 0.995700
0 0.322668 0.246719 0.333388 0.239915 0.310508 0.203865 0.299787 0.210669
0 0.893270 0.186569 0.899833 0.181420 0.887274 0.165411 0.880711 0.170560
0 0.913696 0.292449 1.000000 0.241502 0.991543 0.211823 0.897600 0.262769
0 0.715620 0.872670 0.747813 0.866125 0.745013 0.852353 0.712820 0.858899
0 0.712089 0.688874 0.735269 0.671961 0.727136 0.660815 0.703956 0.677728
0 0.046789 0.831875 0.046965 0.822159 0.003781 0.821376 0.003605 0.831092
0 0.658069 0.605996 0.664692 0.597741 0.647646 0.584065 0.641023 0.592319
0 0.055908 0.135810 0.076868 0.104378 0.065666 0.096908 0.044706 0.128340
0 0.107700 0.730978 0.130920 0.722565 0.127142 0.712140 0.103923 0.720553
0 0.783226 0.995397 0.783789 0.981537 0.775993 0.981220 0.775430 0.995080
0 0.140616 0.958671 0.175178 0.956581 0.174261 0.941430 0.139700 0.943521
0 0.685455 0.290540 0.708485 0.286872 0.706723 0.275806 0.683693 0.279474
0 0.320326 0.352679 0.336966 0.332195 0.327281 0.324328 0.310642 0.344812
0 0.786743 0.628653 0.785768 0.613590 0.765684 0.614890 0.766659 0.629953
0 0.773908 0.995376 0.774300 0.982166 0.766186 0.981925 0.765794 0.995135
0 0.699466 0.669720 0.709682 0.647873 0.698433 0.642613 0.688217 0.664460
0 0.752267 0.064773 0.760261 0.060088 0.748907 0.040713 0.740913 0.045397
0 0.005389 0.415325 0.025333 0.396972 0.017052 0.387974 0.000000 0.406327
0 0.764371 0.995236 0.764950 0.982071 0.757278 0.981733 0.756698 0.994898
0 0.699416 0.210669 0.720892 0.206382 0.718881 0.196311 0.697406 0.200598
0 0.942764 0.086272 0.958948 0.074943 0.953297 0.066871 0.937114 0.078200
0 0.577334 0.381081 0.605020 0.373141 0.601692 0.361534 0.574005 0.369474
0 0.721167 0.886113 0.753521 0.878248 0.750582 0.866158 0.718228 0.874024
0 0.851189 0.994985 0.851546 0.982111 0.846426 0.981970 0.846069 0.994843
0 0.051631 0.718883 0.051777 0.709850 0.006257 0.709113 0.006111 0.718146
0 0.603127 0.243947 0.603007 0.232378 0.525234 0.233186 0.525355 0.244755
0 0.835327 0.995432 0.835465 0.985258 0.829265 0.985174 0.829127 0.995349
0 0.797094 0.995826 0.797470 0.981910 0.789661 0.981699 0.789285 0.995615
0 0.961275 0.086650 0.969648 0.080652 0.960072 0.067284 0.951699 0.073283
0 0.676934 0.810884 0.692665 0.797745 0.686197 0.790001 0.670466 0.803141
0 0.812842 0.381646 0.812823 0.370319 0.731596 0.370455 0.731614 0.381781
0 0.858580 0.994783 0.859261 0.982429 0.854054 0.982141 0.853373 0.994495
0 0.818008 0.994993 0.818199 0.984334 0.811791 0.984218 0.811599 0.994878
0 0.480863 0.118680 0.480734 0.108793 0.407721 0.109745 0.407850 0.119632
0 0.867137 0.995575 0.867666 0.984118 0.861019 0.983811 0.860490 0.995268
0 0.167704 0.438407 0.179711 0.410951 0.169469 0.406472 0.157462 0.433928
0 0.231678 0.593616 0.231735 0.584642 0.189706 0.584371 0.189648 0.593345
0 0.094764 0.992329 0.095881 0.974042 0.082348 0.973215 0.081232 0.991503
0 0.652813 0.613587 0.658884 0.606000 0.643268 0.593502 0.637196 0.601089
0 0.011076 0.342507 0.026645 0.311566 0.015821 0.306119 0.000252 0.337061
0 0.433219 0.844402 0.433358 0.835196 0.352041 0.833966 0.351902 0.843172
0 0.151589 0.606813 0.186160 0.587452 0.178433 0.573655 0.143862 0.593016
0 0.710074 0.177334 0.710400 0.168113 0.692827 0.167493 0.692502 0.176713
0 0.886367 0.995520 0.886455 0.984333 0.879644 0.984280 0.879557 0.995467
0 0.649878 0.718992 0.673070 0.700147 0.665320 0.690609 0.642128 0.709453
0 1.000000 0.016714 0.999808 0.005283 0.993321 0.005671 0.994005 0.017102
0 0.755753 0.995608 0.756217 0.982101 0.747387 0.981797 0.746923 0.995305
0 0.182389 0.548120 0.187934 0.518268 0.178260 0.516470 0.172714 0.546323
0 0.936686 0.255577 0.943796 0.251324 0.934904 0.236460 0.927794 0.240714
0 0.836435 0.741614 0.867445 0.726792 0.860483 0.712228 0.829474 0.727050
0 0.869289 0.995232 0.869683 0.984194 0.863080 0.983958 0.862685 0.994996
0 0.295173 0.345728 0.321933 0.327901 0.314429 0.316638 0.287670 0.334464
0 0.715207 0.995739 0.715681 0.985080 0.707388 0.984711 0.706913 0.995369
0 0.276148 0.714096 0.310776 0.694625 0.302042 0.679093 0.267414 0.698563
0 0.213347 0.270387 0.213324 0.257894 0.132127 0.258045 0.132150 0.270538
0 0.704747 0.997668 0.704892 0.984626 0.697009 0.984538 0.696863 0.997580
0 0.838321 0.184526 0.842116 0.173475 0.824881 0.167557 0.821086 0.178607
0 0.727669 0.997483 0.727811 0.984541 0.718019 0.984434 0.717877 0.997376
0 0.826956 0.995092 0.827080 0.985070 0.821571 0.985002 0.821447 0.995024
0 0.745760 0.995927 0.747226 0.982786 0.735540 0.981482 0.734073 0.994622
0 0.451019 0.619765 0.451085 0.609554 0.407172 0.609269 0.407106 0.619480
0 0.805222 0.995184 0.805149 0.982637 0.799366 0.982670 0.799438 0.995218
