0 0.920880 0.440227 0.952938 0.423068 0.945990 0.410087 0.913932 0.427246
0 0.850713 0.533222 0.879704 0.507014 0.869788 0.496045 0.840797 0.522253
0 0.554300 0.039016 0.573305 0.020351 0.564169 0.011049 0.545164 0.029714
0 0.756443 0.083322 0.788584 0.078793 0.786840 0.066414 0.754699 0.070943
0 0.591974 0.121481 0.614091 0.105611 0.606992 0.095718 0.584875 0.111587
0 0.326956 0.582950 0.327147 0.571317 0.247214 0.570002 0.247023 0.581635
0 0.844246 0.938163 0.900595 0.934595 0.899497 0.917252 0.843148 0.920820
0 0.584901 0.114443 0.586646 0.099712 0.578899 0.098795 0.577154 0.113525
0 0.920856 0.223713 0.962875 0.202167 0.955634 0.188046 0.913616 0.209592
0 0.993555 0.327757 1.000000 0.309515 0.988108 0.297927 0.976040 0.316169
0 0.505295 0.882244 0.505424 0.871650 0.424563 0.870659 0.424433 0.881254
0 0.829275 0.383760 0.864739 0.367366 0.858232 0.353290 0.822768 0.369683
0 0.564927 0.243371 0.585797 0.241285 0.584966 0.232975 0.564096 0.235061
0 0.894524 0.774006 0.935856 0.758050 0.930124 0.743202 0.888792 0.759158
0 0.321042 0.382683 0.321209 0.371107 0.236981 0.369889 0.236814 0.381465
0 0.579585 0.628609 0.607324 0.603299 0.598178 0.593275 0.570439 0.618586
0 0.948155 0.151484 0.948617 0.138497 0.919680 0.137466 0.919218 0.150453
0 0.766470 0.538512 0.800221 0.528275 0.796769 0.516894 0.763018 0.527132
0 0.419265 0.243635 0.434175 0.231098 0.428351 0.224172 0.413441 0.236708
0 0.807135 0.030342 0.829813 0.022968 0.826393 0.012452 0.803716 0.019826
0 0.580461 0.640925 0.620630 0.616514 0.613099 0.604123 0.572930 0.628533
0 0.413542 0.207614 0.413630 0.195918 0.327333 0.195266 0.327245 0.206963
0 0.572224 0.621489 0.593340 0.595209 0.583028 0.586924 0.561913 0.613203
0 0.783488 0.995570 0.784031 0.981376 0.775896 0.981064 0.775353 0.995259
0 0.593697 0.553677 0.612753 0.532348 0.604017 0.524543 0.584961 0.545871
0 0.547420 0.757315 0.547520 0.746496 0.466289 0.745744 0.466189 0.756563
0 0.845066 0.260966 0.873708 0.257354 0.871591 0.240568 0.842949 0.244179
0 0.670866 0.743477 0.707872 0.712170 0.695458 0.697495 0.658451 0.728802
0 0.518156 0.507222 0.518194 0.496185 0.437370 0.495904 0.437331 0.506942
0 0.740760 0.215129 0.772139 0.198439 0.763834 0.182825 0.732455 0.199515
0 0.161086 0.457552 0.161230 0.446556 0.080532 0.445501 0.080388 0.456497
0 0.188287 0.133254 0.188499 0.120883 0.107955 0.119506 0.107744 0.131877
0 0.774129 0.995557 0.774492 0.982004 0.766020 0.981777 0.765656 0.995330
0 0.549626 0.030265 0.556321 0.008896 0.546247 0.005739 0.539552 0.027109
0 0.890229 0.056099 0.926712 0.034045 0.918501 0.020462 0.882018 0.042516
0 0.781472 0.455483 0.805166 0.441574 0.799025 0.431113 0.775331 0.445022
0 0.797341 0.996105 0.797691 0.981766 0.789364 0.981562 0.789013 0.995902
0 0.764537 0.995413 0.765110 0.981913 0.757145 0.981575 0.756571 0.995075
0 0.998562 0.009157 0.997599 0.000000 0.971318 0.000000 0.972281 0.011343
0 0.818170 0.995257 0.818381 0.984099 0.811642 0.983972 0.811431 0.995130
0 0.586934 0.115534 0.595564 0.102374 0.589706 0.098532 0.581076 0.111692
0 0.858932 0.994975 0.859635 0.982465 0.853989 0.982147 0.853286 0.994658
0 0.766123 0.526150 0.787120 0.510963 0.780031 0.501161 0.759034 0.516348
0 0.666734 0.549239 0.682435 0.545049 0.680529 0.537906 0.664828 0.542096
0 0.851535 0.995041 0.851864 0.981988 0.846287 0.981847 0.845958 0.994900
0 0.835677 0.995696 0.835831 0.984958 0.829018 0.984860 0.828864 0.995598
0 0.579369 0.406588 0.579417 0.396061 0.492091 0.395668 0.492044 0.406195
0 0.398669 0.780928 0.398707 0.771559 0.310473 0.771197 0.310434 0.780566
0 0.802679 0.784263 0.838032 0.773891 0.833802 0.759476 0.798449 0.769848
0 0.682059 0.618996 0.706794 0.591315 0.696010 0.581679 0.671275 0.609360
0 0.149650 0.990916 0.224873 0.973228 0.219104 0.948694 0.143881 0.966381
0 0.922259 0.656611 0.972037 0.649718 0.970280 0.637032 0.920502 0.643926
0 0.993189 0.481667 0.993099 0.470139 0.934978 0.470590 0.935068 0.482118
0 0.867731 0.995836 0.868269 0.984424 0.860906 0.984076 0.860368 0.995488
0 0.773073 0.456594 0.789835 0.432761 0.779893 0.425768 0.763130 0.449602
0 0.416862 0.236085 0.428423 0.223840 0.423187 0.218897 0.411626 0.231142
0 0.662007 0.326385 0.691433 0.309700 0.684229 0.296995 0.654803 0.313681
0 0.715567 0.995914 0.716016 0.984877 0.707116 0.984515 0.706667 0.995551
0 0.808256 0.995512 0.808388 0.982936 0.802464 0.982874 0.802332 0.995450
0 0.964710 0.382532 0.964915 0.371474 0.882742 0.369950 0.882537 0.381008
0 0.755939 0.995862 0.756408 0.981993 0.747115 0.981679 0.746646 0.995548
0 0.889092 0.954434 0.890599 0.939122 0.858665 0.935980 0.857158 0.951292
0 0.886717 0.995873 0.886770 0.984421 0.879034 0.984386 0.878982 0.995838
0 0.746123 0.996115 0.747591 0.982543 0.735332 0.981216 0.733863 0.994789
