0 0.220539 0.440790 0.252944 0.422807 0.245806 0.409944 0.213401 0.427928
0 0.870315 0.569765 0.872301 0.557449 0.843375 0.552786 0.841389 0.565102
0 0.150551 0.533995 0.178732 0.507299 0.168316 0.496303 0.140135 0.523000
0 0.714049 0.824784 0.749134 0.808650 0.742193 0.793556 0.707108 0.809691
0 0.916474 0.724275 0.919768 0.711335 0.882405 0.701823 0.879111 0.714763
0 0.371322 0.912745 0.402295 0.884357 0.391092 0.872133 0.360118 0.900521
0 0.056760 0.083106 0.088815 0.078419 0.086971 0.065805 0.054915 0.070491
0 0.192664 0.775853 0.236751 0.758210 0.230435 0.742426 0.186347 0.760069
0 0.783366 0.995440 0.783899 0.981410 0.776051 0.981112 0.775518 0.995142
0 0.788381 0.937523 0.793278 0.923314 0.752346 0.909207 0.747449 0.923416
0 0.766326 0.651900 0.770108 0.641079 0.739149 0.630260 0.735367 0.641082
0 0.247745 0.151066 0.248165 0.138083 0.218228 0.137114 0.217808 0.150097
0 0.710127 0.175026 0.749833 0.166207 0.746598 0.151640 0.706891 0.160459
0 0.108103 0.029836 0.130172 0.022547 0.126662 0.011920 0.104593 0.019210
0 0.282063 0.324616 0.314015 0.310794 0.307780 0.296380 0.275828 0.310202
0 0.773982 0.995369 0.774293 0.981883 0.766106 0.981693 0.765795 0.995180
0 0.066017 0.538064 0.101037 0.529028 0.097947 0.517055 0.062927 0.526092
0 0.270522 1.000000 0.299785 0.984697 0.292001 0.973030 0.262739 0.992552
0 0.143647 0.938817 0.200653 0.934969 0.199463 0.917344 0.142458 0.921191
0 0.550812 0.058715 0.566681 0.030023 0.553002 0.022457 0.537133 0.051149
0 0.577275 0.624512 0.604580 0.594617 0.593582 0.584573 0.566278 0.614468
0 0.797213 0.995937 0.797525 0.981749 0.789613 0.981575 0.789302 0.995764
0 0.764384 0.995264 0.764911 0.981800 0.757213 0.981499 0.756685 0.994962
0 0.221073 0.223869 0.263028 0.201582 0.255607 0.187611 0.213652 0.209899
0 0.676439 0.110797 0.692638 0.097406 0.686215 0.089636 0.670016 0.103026
0 0.433956 0.145892 0.434133 0.133732 0.351670 0.132531 0.351493 0.144690
0 0.041171 0.215735 0.072681 0.199102 0.063808 0.182293 0.032298 0.198927
0 0.140462 0.259718 0.178060 0.255684 0.176412 0.240327 0.138814 0.244361
0 0.130443 0.383738 0.165074 0.365686 0.158046 0.352205 0.123416 0.370256
0 0.512274 0.432635 0.512304 0.421338 0.432868 0.421129 0.432838 0.432425
0 0.046459 0.131722 0.046557 0.121603 0.007500 0.121225 0.007402 0.131344
0 0.835732 0.995542 0.835804 0.984879 0.829027 0.984833 0.828955 0.995496
0 0.887193 0.995830 0.887211 0.984202 0.877733 0.984187 0.877716 0.995815
0 0.974620 0.997703 0.975672 0.985070 0.966663 0.984320 0.965611 0.996953
0 0.549512 0.381537 0.589750 0.365427 0.584219 0.351614 0.543982 0.367724
0 0.691435 0.282503 0.711029 0.259692 0.703806 0.253487 0.684212 0.276298
0 0.650334 0.017958 0.669828 0.001673 0.662519 0.000000 0.643025 0.009208
0 0.852461 0.445960 0.873645 0.422143 0.865621 0.415005 0.844437 0.438823
0 0.868259 0.995916 0.868753 0.984264 0.860800 0.983926 0.860305 0.995579
0 0.866348 0.288852 0.878219 0.274934 0.870956 0.268740 0.859085 0.282658
0 0.818115 0.995085 0.818269 0.984220 0.811681 0.984126 0.811527 0.994992
0 0.715436 0.995740 0.715869 0.984912 0.707231 0.984567 0.706798 0.995395
0 0.858972 0.994960 0.859588 0.982356 0.853758 0.982071 0.853141 0.994675
0 0.704949 0.997828 0.705048 0.984580 0.697043 0.984520 0.696943 0.997768
0 0.914564 0.995543 0.914908 0.983923 0.906707 0.983681 0.906364 0.995301
0 0.901177 0.407357 0.901389 0.397244 0.811121 0.395346 0.810909 0.405460
0 0.720307 0.186859 0.753831 0.178718 0.750612 0.165463 0.717088 0.173605
0 0.826256 0.807357 0.862978 0.803431 0.861140 0.786239 0.824419 0.790165
0 0.755753 0.995677 0.756209 0.981952 0.747503 0.981663 0.747047 0.995388
0 0.746093 0.995882 0.747432 0.982733 0.735291 0.981496 0.733951 0.994645
0 0.851688 0.995000 0.851924 0.981819 0.846258 0.981717 0.846021 0.994898
0 0.458502 0.882112 0.458622 0.871781 0.420207 0.871331 0.420086 0.881663
0 0.081683 0.455116 0.104885 0.441115 0.099108 0.431542 0.075906 0.445543
0 0.505259 0.594265 0.505380 0.585174 0.423785 0.584089 0.423664 0.593180
0 0.461349 0.707561 0.461589 0.696952 0.390758 0.695350 0.390518 0.705959
0 0.727990 0.997655 0.728283 0.984290 0.717911 0.984062 0.717617 0.997427
0 0.924618 0.995900 0.924902 0.983709 0.916118 0.983504 0.915834 0.995695
0 0.623822 0.415691 0.642006 0.390407 0.633678 0.384418 0.615495 0.409702
0 0.987296 0.996416 0.988195 0.984125 0.979280 0.983474 0.978381 0.995764
0 0.264840 0.382288 0.264949 0.371565 0.183994 0.370740 0.183885 0.381463
0 0.075568 0.997650 0.077697 0.974296 0.062058 0.972870 0.059929 0.996225
0 0.808279 0.995619 0.808382 0.982847 0.802532 0.982800 0.802430 0.995572
0 0.827169 0.995179 0.827243 0.984790 0.821220 0.984746 0.821146 0.995136
0 0.889913 0.744416 0.889908 0.733637 0.852508 0.733652 0.852513 0.744431
0 0.329182 0.566974 0.331834 0.552364 0.290116 0.544791 0.287464 0.559401
0 0.805854 0.506547 0.805843 0.496318 0.735254 0.496396 0.735265 0.506625
0 0.964887 0.996392 0.965915 0.985014 0.956209 0.984137 0.955181 0.995515
0 0.668306 0.895216 0.668463 0.884541 0.590883 0.883399 0.590726 0.894074
0 0.065258 0.525871 0.088102 0.510794 0.081222 0.500370 0.058378 0.515446
0 0.072580 0.456453 0.089012 0.432102 0.079594 0.425746 0.063162 0.450097
0 1.000000 0.922285 0.998186 0.909231 0.972549 0.922966 0.979543 0.936020
0 0.694787 0.995871 0.694997 0.984669 0.688654 0.984550 0.688444 0.995752
0 0.289692 0.018368 0.298966 0.002354 0.280336 0.000000 0.271062 0.007579
0 0.834158 0.131544 0.833882 0.119357 0.756729 0.121101 0.757004 0.133287
0 0.732572 0.079024 0.757599 0.067844 0.753606 0.058906 0.728579 0.070086
0 0.313500 0.780540 0.357622 0.765773 0.353163 0.752449 0.309041 0.767216
0 0.102780 0.784102 0.137408 0.774083 0.133398 0.760225 0.098771 0.770245
0 0.678468 0.120496 0.696843 0.104213 0.690017 0.096510 0.671642 0.112793
0 0.998798 0.182470 0.998786 0.170804 0.952518 0.170851 0.952529 0.182517
0 0.805503 0.995306 0.805390 0.982382 0.799433 0.982434 0.799547 0.995359
0 0.873821 0.290021 0.890278 0.281828 0.886730 0.274703 0.870274 0.282895
0 0.628137 0.124982 0.632643 0.108655 0.599641 0.099548 0.595136 0.115875
0 0.951711 0.995987 0.952427 0.984577 0.944018 0.984049 0.943302 0.995459
0 0.083988 0.792746 0.117864 0.746361 0.100729 0.733846 0.066853 0.780231
0 0.824957 0.995299 0.824994 0.984268 0.818581 0.984246 0.818544 0.995277
