0 0.985738 0.242790 0.987571 0.235592 0.969535 0.231000 0.967702 0.238198
0 0.983307 0.252413 0.984272 0.244693 0.963287 0.242069 0.962322 0.249790
0 0.884812 0.539924 0.884899 0.528942 0.807826 0.528332 0.807739 0.539314
0 0.873478 0.139142 0.873625 0.130054 0.790782 0.128721 0.790636 0.137809
0 0.262972 0.314917 0.262970 0.304117 0.182877 0.304130 0.182879 0.314930
0 0.716281 0.164102 0.716340 0.155394 0.639633 0.154871 0.639574 0.163579
0 0.783103 0.995149 0.783634 0.981734 0.776080 0.981435 0.775549 0.994850
0 0.876085 0.789422 0.876255 0.779939 0.794811 0.778480 0.794641 0.787963
0 0.945067 0.767817 0.972385 0.759931 0.970138 0.752147 0.942820 0.760033
0 0.698266 0.289304 0.698382 0.279461 0.621137 0.278554 0.621021 0.288397
0 0.427363 0.326517 0.427174 0.314133 0.338821 0.315480 0.339010 0.327863
0 0.839124 0.902513 0.839171 0.891675 0.755480 0.891315 0.755433 0.902152
0 0.773746 0.995002 0.774048 0.982121 0.766192 0.981937 0.765890 0.994818
0 0.320309 0.188742 0.320277 0.179782 0.281174 0.179919 0.281205 0.188879
0 0.897256 0.402568 0.897458 0.392792 0.830765 0.391413 0.830563 0.401190
0 0.104536 0.466009 0.104678 0.454021 0.023182 0.453054 0.023040 0.465042
0 0.894932 0.402062 0.895145 0.393338 0.853443 0.392318 0.853229 0.401042
0 0.850824 0.994980 0.851268 0.982326 0.846607 0.982163 0.846163 0.994816
0 0.796883 0.995006 0.797241 0.981711 0.790124 0.981520 0.789767 0.994815
0 0.280352 0.188622 0.280335 0.179500 0.239540 0.179578 0.239557 0.188700
0 0.858191 0.994668 0.858934 0.982721 0.854285 0.982432 0.853542 0.994378
0 0.866742 0.995340 0.867266 0.984685 0.861271 0.984391 0.860748 0.995046
0 0.835148 0.995131 0.835278 0.985259 0.829312 0.985181 0.829182 0.995053
0 0.764314 0.994930 0.764806 0.982046 0.757348 0.981761 0.756856 0.994645
0 0.886605 0.995369 0.886647 0.984531 0.879432 0.984503 0.879390 0.995341
0 0.101222 0.752043 0.101155 0.741677 0.047654 0.742021 0.047720 0.752387
0 0.144377 0.214122 0.169348 0.209985 0.168094 0.202419 0.143124 0.206555
0 0.176283 0.186920 0.181371 0.182210 0.164755 0.164259 0.159667 0.168969
0 0.022359 0.324928 0.022179 0.317036 0.000000 0.317550 0.000000 0.325442
0 0.817854 0.994854 0.818048 0.984432 0.812050 0.984321 0.811856 0.994743
0 0.144218 0.223985 0.169142 0.217867 0.167458 0.211007 0.142534 0.217125
0 0.869378 0.995072 0.869740 0.984736 0.863656 0.984524 0.863295 0.994860
0 0.974265 0.997421 0.975290 0.985408 0.966801 0.984684 0.965776 0.996696
0 0.262844 0.639983 0.262923 0.629316 0.184352 0.628730 0.184272 0.639396
0 0.755610 0.995110 0.755993 0.982014 0.747518 0.981767 0.747135 0.994862
0 0.715617 0.995633 0.716139 0.985115 0.707272 0.984675 0.706749 0.995193
0 0.746284 0.995612 0.747513 0.982871 0.735268 0.981690 0.734039 0.994431
0 0.826882 0.994894 0.826976 0.985004 0.821618 0.984952 0.821523 0.994842
0 0.914045 0.995291 0.914410 0.984346 0.907064 0.984102 0.906700 0.995047
0 0.727919 0.997427 0.728142 0.984754 0.717915 0.984574 0.717692 0.997246
0 0.805043 0.994793 0.804956 0.982402 0.799547 0.982440 0.799634 0.994830
0 0.808273 0.995063 0.808241 0.983160 0.802854 0.983174 0.802886 0.995077
0 0.401095 0.115525 0.401588 0.104498 0.353561 0.102347 0.353067 0.113374
0 0.144710 0.226986 0.170190 0.219180 0.167941 0.211839 0.142461 0.219644
