0 0.863735 0.681576 0.869791 0.659413 0.801966 0.640881 0.795911 0.663044
0 0.841416 0.522841 0.844625 0.500361 0.789679 0.492517 0.786470 0.514997
0 0.797539 0.588859 0.801977 0.569288 0.747933 0.557034 0.743495 0.576605
0 0.869079 0.656483 0.874445 0.631917 0.819097 0.619826 0.813730 0.644392
0 0.829429 0.545283 0.833192 0.524764 0.778634 0.514760 0.774871 0.535278
0 0.657425 0.669669 0.696918 0.611134 0.676548 0.597390 0.637055 0.655925
0 0.860992 0.723883 0.864545 0.705024 0.816901 0.696048 0.813348 0.714908
0 0.726227 0.714742 0.745362 0.678612 0.729885 0.670416 0.710751 0.706545
0 0.553953 0.432289 0.601187 0.417492 0.560901 0.288898 0.513668 0.303695
0 0.780836 0.644514 0.786921 0.627568 0.737690 0.609891 0.731605 0.626837
0 0.710783 0.707121 0.731913 0.666278 0.717508 0.658825 0.696377 0.699668
0 0.699750 0.983026 0.725177 0.934138 0.706358 0.924350 0.680931 0.973238
0 0.922671 0.589567 0.928660 0.567875 0.860548 0.549070 0.854559 0.570762
0 0.762789 0.268798 0.767687 0.253352 0.722859 0.239139 0.717962 0.254586
0 0.728826 0.928211 0.754134 0.884631 0.738200 0.875378 0.712892 0.918958
0 0.715451 0.241925 0.720043 0.225196 0.670119 0.211490 0.665526 0.228219
0 0.812206 0.275231 0.814778 0.258277 0.771322 0.251684 0.768750 0.268638
0 0.596685 0.959730 0.602131 0.951679 0.580285 0.936905 0.574840 0.944956
0 0.764259 0.803623 0.770536 0.791639 0.740199 0.775748 0.733922 0.787732
0 1.000000 0.410888 0.999617 0.394314 0.976319 0.395085 0.976868 0.411660
0 0.829130 0.324439 0.842852 0.324223 0.842298 0.288956 0.828575 0.289172
0 0.897447 0.327554 0.911909 0.326827 0.910028 0.289418 0.895567 0.290145
0 0.724131 0.405983 0.807540 0.396890 0.804040 0.364780 0.720630 0.373874
0 0.673379 0.970666 0.681405 0.959419 0.650093 0.937074 0.642067 0.948321
0 0.389661 0.417937 0.436484 0.401482 0.410579 0.327771 0.363756 0.344226
0 0.786843 0.619455 0.791886 0.600965 0.740939 0.587071 0.735897 0.605561
0 0.754082 0.869522 0.771302 0.845501 0.761627 0.838565 0.744407 0.862587
0 0.866532 0.328194 0.866156 0.282732 0.849190 0.282873 0.849566 0.328334
0 0.687706 0.689101 0.713879 0.640807 0.693797 0.629924 0.667623 0.678218
0 0.813758 0.307649 0.820815 0.279370 0.809527 0.276553 0.802470 0.304832
0 0.550086 1.000000 0.557835 0.983447 0.549681 0.980260 0.541932 1.000000
0 0.615870 0.925158 0.630838 0.905147 0.623425 0.899603 0.608458 0.919614
0 0.881979 0.522231 0.969880 0.519083 0.968928 0.492517 0.881028 0.495665
0 0.667911 0.767220 0.679574 0.743483 0.668941 0.738258 0.657278 0.761995
0 0.934570 0.326684 0.977493 0.325037 0.976871 0.308819 0.933947 0.310466
0 0.563447 1.000000 0.571429 0.980731 0.562736 0.977633 0.554754 1.000000
0 0.521415 0.987253 0.528946 0.966109 0.519938 0.962900 0.512406 0.984043
0 0.593821 0.912916 0.609538 0.893057 0.602198 0.887247 0.586480 0.907106
0 0.792859 0.790503 0.819744 0.741373 0.801130 0.731187 0.774245 0.780317
0 0.538358 1.000000 0.544967 0.981564 0.536396 0.978717 0.529787 0.998616
0 0.639757 0.941554 0.645605 0.933535 0.626653 0.919714 0.620805 0.927734
0 0.709559 0.256534 0.712976 0.241144 0.673339 0.232343 0.669922 0.247733
0 0.577859 0.938770 0.582277 0.931481 0.563712 0.920227 0.559294 0.927516
0 0.717064 0.807142 0.726540 0.789797 0.718869 0.785605 0.709393 0.802951
0 0.727582 0.813610 0.736284 0.797665 0.729323 0.793866 0.720621 0.809811
0 0.753240 0.834511 0.758225 0.827806 0.742239 0.815921 0.737254 0.822625
0 0.875760 0.327077 0.890807 0.326781 0.890067 0.289180 0.875020 0.289476
0 0.928316 0.568434 0.934581 0.551145 0.889096 0.534661 0.882830 0.551950
0 0.767896 0.653922 0.772265 0.641008 0.738940 0.629734 0.734571 0.642649
0 0.605816 0.914812 0.616646 0.901159 0.610984 0.896668 0.600154 0.910321
0 0.578764 1.000000 0.581753 0.992560 0.572218 0.989786 0.569229 1.000000
0 0.794611 0.312325 0.796502 0.303877 0.774031 0.298847 0.772140 0.307295
0 0.486402 0.422407 0.502912 0.415044 0.457499 0.313214 0.440989 0.320577
0 0.746583 0.920222 0.763508 0.890934 0.753147 0.884947 0.736222 0.914235
0 0.594681 1.000000 0.595876 0.995395 0.585704 0.993434 0.584509 0.999632
0 0.713914 0.272133 0.715687 0.261629 0.692349 0.257690 0.690576 0.268193
0 0.648346 0.622432 0.674661 0.594030 0.663611 0.583792 0.637297 0.612194
0 0.695985 0.701975 0.710807 0.672082 0.699644 0.666547 0.684822 0.696440
0 0.705066 0.997868 0.705027 0.984458 0.696899 0.984482 0.696938 0.997892
0 0.784049 0.996220 0.784785 0.981855 0.775967 0.981403 0.775231 0.995769
0 0.765982 0.995391 0.766462 0.982517 0.756050 0.982129 0.755570 0.995003
0 0.285588 0.478670 0.329281 0.437938 0.270010 0.374357 0.226317 0.415089
0 0.728459 0.997573 0.728522 0.984686 0.716181 0.984625 0.716117 0.997512
0 0.595738 1.000000 0.602709 0.980582 0.511170 0.962382 0.504199 0.997440
0 0.655282 0.826118 0.673113 0.802490 0.663047 0.794893 0.645215 0.818521
0 0.717627 0.995892 0.717622 0.984698 0.706285 0.984703 0.706290 0.995898
0 0.999791 0.877858 1.000000 0.837753 0.986630 0.829855 0.974235 0.869960
0 0.773961 0.995272 0.774376 0.982996 0.764461 0.982661 0.764046 0.994937
