0 0.806998 0.866899 0.820594 0.834310 0.808024 0.829066 0.794428 0.861655
0 0.532161 0.442100 0.538250 0.409836 0.526091 0.407541 0.520002 0.439805
0 0.926640 0.726442 0.955456 0.703310 0.946335 0.691947 0.917519 0.715079
0 0.649788 0.365890 0.664518 0.326930 0.651055 0.321840 0.636325 0.360800
0 0.638173 0.359459 0.649149 0.319726 0.635345 0.315913 0.624369 0.355646
0 0.782516 0.337326 0.791458 0.289514 0.776854 0.286783 0.767913 0.334596
0 0.693798 0.714555 0.694912 0.671469 0.679237 0.671064 0.678124 0.714150
0 0.893820 0.917277 0.916467 0.875567 0.905906 0.869833 0.883259 0.911543
0 0.542363 0.449377 0.558833 0.418224 0.547041 0.411989 0.530570 0.443142
0 0.797871 0.862346 0.800966 0.824469 0.787989 0.823409 0.784894 0.861285
0 0.942183 0.733962 0.969349 0.711323 0.960081 0.700202 0.932915 0.722841
0 0.314563 0.533239 0.327293 0.463515 0.304800 0.459409 0.292071 0.529132
0 0.720619 0.726474 0.745360 0.689438 0.731535 0.680203 0.706794 0.717239
0 0.085272 0.239639 0.090529 0.197914 0.073825 0.195809 0.068568 0.237534
0 0.887493 0.907054 0.904778 0.869378 0.893126 0.864033 0.875842 0.901708
0 0.343655 0.097070 0.361570 0.053263 0.344604 0.046325 0.326689 0.090131
0 0.253718 0.300979 0.265744 0.259373 0.255521 0.256418 0.243495 0.298024
0 0.434023 0.991905 0.448493 0.990895 0.445682 0.950598 0.431212 0.951608
0 0.724518 0.448153 0.724760 0.396988 0.709677 0.396917 0.709435 0.448081
0 0.783191 0.995134 0.783710 0.981568 0.776068 0.981275 0.775549 0.994841
0 0.520427 1.000000 0.530655 0.977863 0.516641 0.972568 0.506412 0.999640
0 0.005661 0.215017 0.015566 0.180652 0.003046 0.177044 0.000000 0.211408
0 0.708791 0.723204 0.712076 0.672093 0.696728 0.671107 0.693443 0.722217
0 0.888978 0.917792 0.912221 0.872880 0.901177 0.867164 0.877933 0.912076
0 0.773829 0.995157 0.774144 0.982014 0.766313 0.981826 0.765998 0.994969
0 0.403530 0.632441 0.406177 0.590909 0.393921 0.590128 0.391274 0.631660
0 0.745727 0.453145 0.764859 0.417255 0.753340 0.411115 0.734209 0.447005
0 0.580264 0.120048 0.583701 0.102914 0.576911 0.101552 0.573474 0.118686
0 0.764273 0.995042 0.764802 0.981990 0.757332 0.981687 0.756804 0.994739
0 0.797022 0.995494 0.797368 0.981757 0.789861 0.981568 0.789515 0.995305
0 0.835371 0.995329 0.835499 0.985276 0.829272 0.985196 0.829144 0.995249
0 0.937793 0.473541 0.958484 0.435691 0.947927 0.429920 0.927236 0.467770
0 0.069886 0.657271 0.077756 0.620865 0.066343 0.618397 0.058473 0.654804
0 0.851162 0.995029 0.851511 0.982358 0.846441 0.982218 0.846092 0.994890
0 0.858510 0.994786 0.859224 0.982775 0.854094 0.982471 0.853381 0.994481
0 0.550776 1.000000 0.558649 0.989324 0.536512 0.979975 0.528639 0.998619
0 0.886477 0.995441 0.886560 0.984828 0.879291 0.984772 0.879209 0.995385
0 0.704920 0.997828 0.705049 0.984777 0.697133 0.984699 0.697005 0.997750
0 0.817912 0.994890 0.818123 0.984480 0.811922 0.984354 0.811711 0.994765
0 0.318726 0.190847 0.319866 0.083333 0.300710 0.083130 0.299569 0.190644
0 0.047766 0.100412 0.047910 0.090665 0.002966 0.090003 0.002823 0.099750
0 0.867463 0.995546 0.867976 0.984702 0.861139 0.984379 0.860627 0.995223
0 0.795104 0.346505 0.816672 0.304939 0.803535 0.298122 0.781967 0.339688
0 0.523431 0.301250 0.523562 0.290037 0.450088 0.289184 0.449958 0.300397
0 0.412333 0.637906 0.424489 0.595431 0.411907 0.591830 0.399751 0.634305
0 0.974395 0.997600 0.975475 0.985329 0.966876 0.984572 0.965796 0.996843
0 0.244410 0.417512 0.243767 0.363283 0.225426 0.363500 0.226069 0.417730
0 0.715528 0.995635 0.715948 0.985156 0.707096 0.984801 0.706675 0.995280
0 0.524173 0.299954 0.524324 0.290470 0.479903 0.289764 0.479752 0.299248
0 0.914201 0.995325 0.914591 0.984415 0.907097 0.984147 0.906706 0.995057
0 0.301464 0.190547 0.318703 0.190241 0.317447 0.119422 0.300208 0.119727
0 0.266833 0.774581 0.266778 0.764538 0.189723 0.764961 0.189778 0.775005
0 0.216282 0.169717 0.228127 0.125778 0.211737 0.121360 0.199891 0.165298
0 0.328580 0.086422 0.337853 0.045297 0.321436 0.041595 0.312163 0.082721
0 0.262778 0.301362 0.272917 0.273553 0.264189 0.270371 0.254050 0.298180
0 0.755573 0.995338 0.756002 0.981969 0.747526 0.981697 0.747096 0.995065
0 0.914549 0.148207 0.936354 0.098213 0.918626 0.090481 0.896822 0.140476
0 0.645436 0.587949 0.645376 0.578299 0.569138 0.578774 0.569198 0.588423
0 0.869291 0.995202 0.869722 0.984965 0.862996 0.984682 0.862566 0.994920
0 0.088444 0.649760 0.088480 0.621907 0.077637 0.621893 0.077601 0.649747
0 0.465193 0.996461 0.481315 0.961062 0.466534 0.954331 0.450413 0.989730
0 0.826937 0.995039 0.827051 0.985104 0.821528 0.985040 0.821413 0.994975
0 0.923873 0.995607 0.924178 0.984488 0.916302 0.984272 0.915998 0.995391
0 0.168790 0.938206 0.179631 0.876933 0.162296 0.873866 0.151455 0.935139
0 0.727773 0.997539 0.728056 0.984598 0.717919 0.984377 0.717636 0.997318
0 0.808165 0.995322 0.808287 0.983147 0.802760 0.983091 0.802638 0.995267
0 0.746058 0.995827 0.747419 0.982823 0.735335 0.981559 0.733975 0.994563
0 0.694736 0.995881 0.695011 0.984793 0.688769 0.984638 0.688494 0.995726
0 0.964746 0.996057 0.965708 0.985182 0.956444 0.984362 0.955481 0.995237
0 0.160513 0.098569 0.165624 0.077957 0.160347 0.076648 0.155237 0.097261
0 0.987018 0.996392 0.988041 0.984603 0.979388 0.983852 0.978365 0.995641
0 0.943891 0.200166 0.956449 0.197585 0.946562 0.149487 0.934004 0.152069
0 0.791499 0.738355 0.869809 0.737899 0.869743 0.726588 0.791434 0.727044
0 0.805282 0.995032 0.805208 0.982484 0.799541 0.982517 0.799615 0.995066
