0 0.152250 0.681656 0.158434 0.659117 0.091317 0.640702 0.085133 0.663241
0 0.130710 0.522880 0.133959 0.500510 0.078482 0.492453 0.075233 0.514823
0 0.086617 0.588814 0.091095 0.569124 0.036829 0.556783 0.032352 0.576473
0 0.647282 0.888278 0.660037 0.875828 0.625615 0.840563 0.612860 0.853013
0 0.119818 0.545770 0.123703 0.525231 0.067592 0.514617 0.063707 0.535156
0 0.151930 0.723729 0.155302 0.705245 0.106313 0.696308 0.102941 0.714791
0 0.157786 0.656506 0.163115 0.631833 0.108154 0.619963 0.102825 0.644636
0 0.905639 0.558075 0.915208 0.543768 0.872291 0.515061 0.862721 0.529368
0 0.069516 0.644688 0.075821 0.627438 0.026709 0.609489 0.020404 0.626739
0 0.739306 0.856999 0.748936 0.846458 0.719654 0.819709 0.710025 0.830251
0 0.897691 0.747488 0.925998 0.727266 0.918186 0.716332 0.889880 0.736554
0 0.809684 0.329571 0.848396 0.316473 0.843752 0.302747 0.805040 0.315846
0 0.212138 0.589661 0.218067 0.568058 0.149478 0.549232 0.143549 0.570835
0 0.957387 0.525659 0.964896 0.513466 0.932403 0.493456 0.924894 0.505650
0 0.100966 0.275138 0.103488 0.258133 0.059882 0.251666 0.057360 0.268671
0 0.015179 0.715222 0.034431 0.678886 0.018612 0.670505 0.000000 0.706841
0 0.736052 0.043418 0.790962 0.027304 0.786135 0.010855 0.731225 0.026969
0 0.852358 0.717754 0.881063 0.697843 0.873478 0.686908 0.844773 0.706819
0 0.982418 0.452368 0.986244 0.441656 0.956801 0.431140 0.952975 0.441852
0 0.926181 0.812642 0.931555 0.803462 0.907738 0.789520 0.902365 0.798699
0 0.954987 0.589958 0.962798 0.577906 0.927593 0.555089 0.919782 0.567141
0 0.075711 0.619530 0.080873 0.600807 0.030768 0.586994 0.025606 0.605717
0 0.799574 0.293481 0.838986 0.280861 0.834538 0.266968 0.795125 0.279588
0 0.051783 0.268697 0.056652 0.253585 0.011940 0.239179 0.007071 0.254292
0 0.822677 0.578458 0.860578 0.532631 0.848836 0.522919 0.810935 0.568747
0 0.746075 0.884003 0.753159 0.876318 0.734968 0.859550 0.727884 0.867235
0 0.808461 0.677170 0.835886 0.656549 0.828323 0.646491 0.800899 0.667113
0 0.870367 0.728033 0.901806 0.704479 0.893287 0.693109 0.861849 0.716663
0 0.910414 0.763025 0.942388 0.737117 0.932983 0.725510 0.901009 0.751417
0 0.764708 0.160147 0.797185 0.151165 0.793939 0.139428 0.761462 0.148410
0 0.723362 0.086427 0.735851 0.083388 0.726924 0.046694 0.714435 0.049732
0 0.778659 0.232590 0.811155 0.223920 0.807736 0.211102 0.775239 0.219773
0 0.767610 0.174572 0.796729 0.166686 0.793779 0.155792 0.764659 0.163677
0 0.889065 0.733551 0.914219 0.715753 0.906772 0.705227 0.881617 0.723025
0 0.796952 0.274651 0.830773 0.265464 0.827420 0.253121 0.793599 0.262308
0 0.839438 0.702657 0.868695 0.682792 0.860944 0.671377 0.831688 0.691242
0 0.906184 0.371589 0.909514 0.360613 0.881159 0.352010 0.877829 0.362986
0 0.988033 0.414985 0.991317 0.404268 0.962959 0.395580 0.959676 0.406297
0 0.674525 0.939198 0.683427 0.929073 0.657331 0.906128 0.648429 0.916253
0 0.821669 0.692782 0.853184 0.671441 0.845585 0.660220 0.814070 0.681561
0 0.888719 0.454179 0.896870 0.443971 0.870682 0.423061 0.862531 0.433269
0 0.871992 0.048156 0.882664 0.045108 0.874421 0.016246 0.863749 0.019293
0 0.990819 0.545554 0.997596 0.536617 0.970455 0.516037 0.963679 0.524974
0 0.156424 0.329092 0.155299 0.281787 0.137767 0.282204 0.138892 0.329509
0 0.901054 0.434510 0.908261 0.423745 0.881964 0.406140 0.874757 0.416905
0 0.923361 0.500777 0.930878 0.489720 0.896484 0.466338 0.888967 0.477394
0 0.698627 0.963423 0.705524 0.956288 0.687149 0.938526 0.680252 0.945661
0 0.186465 0.328111 0.200863 0.327405 0.199005 0.289524 0.184607 0.290230
0 0.810322 0.310489 0.843885 0.299124 0.839068 0.284899 0.805505 0.296264
0 0.723402 0.863625 0.730889 0.855569 0.710860 0.836954 0.703372 0.845010
0 0.931389 0.763357 0.953258 0.746099 0.946996 0.738163 0.925127 0.755421
0 0.053088 0.803536 0.059266 0.791606 0.029108 0.775989 0.022930 0.787919
0 0.926775 0.394577 0.929722 0.384546 0.903624 0.376879 0.900678 0.386909
0 0.826853 0.752216 0.833328 0.742237 0.807736 0.725632 0.801261 0.735611
0 0.804421 0.026019 0.845197 0.013874 0.841095 0.000103 0.800319 0.012247
0 0.774992 0.070897 0.785486 0.067853 0.776983 0.038538 0.766489 0.041582
0 0.739868 0.084620 0.751301 0.081735 0.743092 0.049201 0.731659 0.052085
0 0.503629 0.968688 0.532514 0.938513 0.521527 0.927996 0.492642 0.958171
0 0.754982 0.143472 0.786474 0.132576 0.782634 0.121478 0.751142 0.132374
0 0.174484 0.522489 0.256576 0.519462 0.255573 0.492240 0.173481 0.495266
0 0.775717 0.196124 0.806905 0.185774 0.803238 0.174724 0.772050 0.185073
0 0.658664 1.000000 0.669816 0.994853 0.643803 0.963967 0.632651 0.973360
0 0.103003 0.307661 0.110058 0.279308 0.098752 0.276494 0.091697 0.304847
0 0.002244 0.702537 0.021976 0.666689 0.006268 0.658044 0.000000 0.693891
0 0.886181 0.034296 0.895130 0.031284 0.887594 0.008892 0.878646 0.011903
0 0.804797 0.151175 0.827783 0.143598 0.824797 0.134543 0.801812 0.142121
0 0.013150 0.405509 0.097236 0.396932 0.093983 0.365041 0.009897 0.373618
0 0.119052 0.325133 0.133668 0.324308 0.131639 0.288352 0.117023 0.289177
0 0.791022 0.657630 0.812430 0.639329 0.805195 0.630866 0.783788 0.649167
0 0.766652 0.883407 0.775779 0.873282 0.749288 0.849401 0.740161 0.859526
0 0.018199 0.927286 0.043587 0.883735 0.027360 0.874276 0.001972 0.917826
0 0.760463 0.074770 0.771663 0.071335 0.762659 0.041981 0.751459 0.045416
0 0.620081 0.818387 0.663568 0.787737 0.650024 0.768521 0.606537 0.799171
0 0.537549 0.930124 0.556283 0.907886 0.548696 0.901494 0.529962 0.923732
0 0.876447 0.782459 0.882979 0.773407 0.860285 0.757030 0.853753 0.766082
0 0.943349 0.383286 0.946409 0.372934 0.922736 0.365938 0.919676 0.376290
0 0.660705 0.948584 0.668853 0.939557 0.644157 0.917270 0.636010 0.926297
0 0.946479 0.441326 0.950846 0.429876 0.921873 0.418827 0.917506 0.430277
0 0.626567 0.970453 0.637484 0.961671 0.615465 0.934302 0.604548 0.943084
0 0.702549 0.717909 0.722113 0.687830 0.710677 0.680391 0.691112 0.710471
0 0.265165 0.412465 0.313419 0.408729 0.312128 0.392049 0.263873 0.395785
0 0.790281 0.117171 0.816778 0.104961 0.812301 0.095247 0.785804 0.107457
0 0.858833 0.049523 0.869281 0.046310 0.861050 0.019546 0.850603 0.022759
0 0.725872 0.892974 0.733384 0.885311 0.715116 0.867402 0.707603 0.875065
0 0.818867 0.202856 0.828026 0.200139 0.820797 0.175762 0.811637 0.178478
0 0.998540 0.606970 1.000000 0.593748 0.990201 0.580858 0.980666 0.594080
0 0.754499 0.704347 0.760189 0.695278 0.734320 0.679048 0.728630 0.688117
0 0.350939 0.969708 0.364873 0.930331 0.350219 0.925146 0.336285 0.964522
0 0.981622 0.607303 0.986734 0.598688 0.964722 0.585629 0.959611 0.594244
0 0.954573 0.399084 0.956732 0.391118 0.936505 0.385637 0.934346 0.393603
0 0.960326 0.782529 0.980245 0.766829 0.974117 0.759054 0.954198 0.774753
0 0.713009 0.941753 0.720105 0.934337 0.702072 0.917083 0.694976 0.924500
0 0.513428 0.138846 0.523804 0.101278 0.508482 0.097046 0.498106 0.134614
0 0.603041 0.856646 0.627397 0.838565 0.620271 0.828965 0.595914 0.847046
0 0.898583 0.794534 0.903466 0.787135 0.886440 0.775899 0.881557 0.783297
0 0.217016 0.568158 0.223207 0.551721 0.178765 0.534983 0.172574 0.551420
0 0.897369 0.317623 0.911915 0.292382 0.902590 0.287008 0.888044 0.312249
0 0.082924 0.789323 0.108356 0.741124 0.089876 0.731374 0.064444 0.779573
0 0.531492 1.000000 0.546560 0.999519 0.516501 0.962389 0.501434 0.974587
0 0.754674 0.128547 0.785275 0.117267 0.780593 0.104565 0.749991 0.115845
0 0.741406 0.089017 0.961045 0.021292 0.943665 0.000000 0.724026 0.032652
0 0.898384 0.030527 0.906157 0.027610 0.899333 0.009427 0.891559 0.012345
0 0.945904 0.776999 0.965620 0.759762 0.958879 0.752052 0.939163 0.769289
0 0.043148 0.870307 0.060519 0.845465 0.050347 0.838352 0.032976 0.863194
0 0.810915 0.062253 0.820297 0.059076 0.812679 0.036585 0.803297 0.039763
0 0.886326 0.309843 0.900592 0.288587 0.891847 0.282718 0.877581 0.303973
0 0.695047 0.920959 0.701435 0.913848 0.684707 0.898821 0.678319 0.905931
0 0.796508 0.126055 0.819596 0.115934 0.815523 0.106645 0.792436 0.116766
0 0.059412 0.654737 0.063860 0.641165 0.026979 0.629079 0.022531 0.642651
0 0.587093 0.921818 0.594800 0.915060 0.576683 0.894398 0.568976 0.901156
0 0.896315 0.387276 0.899291 0.377255 0.873101 0.369476 0.870125 0.379497
0 0.924029 0.022074 0.931469 0.020110 0.926947 0.002978 0.919507 0.004942
0 0.853652 0.765587 0.859501 0.756114 0.839261 0.743616 0.833411 0.753089
0 0.770509 0.793934 0.777035 0.787887 0.761698 0.771336 0.755172 0.777383
0 0.913432 0.027284 0.922339 0.025426 0.917967 0.004462 0.909059 0.006320
0 0.682617 0.966315 0.689853 0.958765 0.672913 0.942529 0.665677 0.950078
0 0.746035 0.910046 0.753252 0.902191 0.735457 0.885840 0.728239 0.893694
0 0.281805 0.874239 0.298895 0.838355 0.284516 0.831507 0.267426 0.867391
0 0.800635 0.608861 0.819212 0.588034 0.810937 0.580653 0.792360 0.601481
0 0.783696 0.996148 0.784392 0.980994 0.776201 0.980618 0.775505 0.995772
0 0.166018 0.327924 0.180613 0.327104 0.178477 0.289111 0.163882 0.289932
0 0.910194 0.099648 0.913749 0.089987 0.889216 0.080960 0.885661 0.090621
0 0.996393 0.400448 1.000000 0.385362 0.994588 0.382938 0.989377 0.398025
0 0.899430 0.282578 0.902954 0.276123 0.887349 0.267603 0.883825 0.274058
0 0.807938 0.163125 0.829607 0.154747 0.826183 0.145893 0.804514 0.154271
0 0.828443 0.047398 0.837954 0.044838 0.832147 0.023262 0.822636 0.025822
0 0.016326 0.813365 0.025211 0.797642 0.018712 0.793969 0.009827 0.809692
0 0.773545 0.995425 0.774058 0.981496 0.766049 0.981201 0.765537 0.995130
0 0.083486 0.312233 0.085357 0.304025 0.062664 0.298852 0.060793 0.307060
0 0.223644 0.326624 0.266639 0.324641 0.265878 0.308152 0.222883 0.310135
0 1.000000 0.458709 1.000000 0.451231 0.990976 0.443568 0.986823 0.451047
0 0.840321 0.816278 0.847263 0.808258 0.825225 0.789184 0.818283 0.797204
0 0.984923 0.396167 0.991400 0.378189 0.984080 0.375552 0.977603 0.393530
0 0.797379 0.996741 0.797970 0.981678 0.789174 0.981333 0.788583 0.996395
0 0.377302 0.769113 0.401645 0.740653 0.390264 0.730918 0.365921 0.759379
0 0.802128 0.662300 0.820524 0.646713 0.814375 0.639456 0.795979 0.655043
0 0.005548 0.806590 0.015196 0.789679 0.007977 0.785561 0.000000 0.802472
0 0.794017 0.060268 0.803810 0.057799 0.797749 0.033762 0.787956 0.036231
0 0.042321 0.834560 0.047330 0.827807 0.031166 0.815819 0.026158 0.822571
0 0.894849 0.468104 0.920194 0.430351 0.910390 0.423769 0.885045 0.461523
0 0.764137 0.995220 0.764831 0.981640 0.757445 0.981263 0.756750 0.994843
0 0.849523 0.290761 0.855502 0.287740 0.848050 0.272988 0.842071 0.276008
0 0.947818 0.811514 0.986206 0.773066 0.816684 0.603808 0.778297 0.642255
0 0.429121 0.858732 0.443118 0.821383 0.429781 0.816385 0.415784 0.853734
0 0.970132 0.386364 0.973126 0.378423 0.955675 0.371844 0.952681 0.379785
0 0.705646 0.998246 0.705409 0.983752 0.697019 0.983890 0.697256 0.998384
0 0.013079 0.958503 0.012968 0.929460 0.000000 0.929511 0.000000 0.958555
0 0.479166 0.629772 0.495632 0.596020 0.482102 0.589420 0.465636 0.623171
0 0.704909 0.872371 0.711322 0.865183 0.695009 0.850629 0.688596 0.857817
0 0.953719 0.861076 0.959632 0.853227 0.939023 0.837702 0.933110 0.845550
0 0.914677 0.088501 0.918738 0.079109 0.895271 0.068962 0.891210 0.078354
0 0.730811 0.959188 0.737198 0.953394 0.724155 0.939016 0.717769 0.944810
0 0.796650 0.731158 0.801157 0.724023 0.785689 0.714250 0.781181 0.721385
0 0.774096 0.716940 0.779170 0.710136 0.764938 0.699521 0.759863 0.706325
0 0.789307 0.778720 0.792249 0.771351 0.776131 0.764917 0.773189 0.772287
0 0.678574 0.474508 0.692285 0.450592 0.681209 0.444242 0.667498 0.468158
0 0.035245 0.922725 0.053501 0.892358 0.041434 0.885103 0.023177 0.915470
0 0.815196 0.352077 0.875794 0.335565 0.809571 0.092529 0.748973 0.109042
0 0.728640 0.998237 0.728769 0.982941 0.720646 0.982873 0.720517 0.998169
0 0.782433 0.645780 0.802962 0.617666 0.793944 0.611081 0.773416 0.639196
0 0.937295 0.817777 0.954612 0.798024 0.947281 0.791598 0.929964 0.811351
0 0.009912 0.851147 0.009750 0.831960 0.000000 0.832046 0.000000 0.851234
0 0.746487 0.995691 0.747608 0.982697 0.735418 0.981646 0.734297 0.994639
0 0.715776 0.996165 0.715650 0.983868 0.707224 0.983954 0.707350 0.996251
0 0.629356 0.606570 0.629370 0.573492 0.615743 0.573487 0.615730 0.606565
0 0.945030 0.047795 0.949099 0.035949 0.942931 0.033830 0.938862 0.045676
0 0.716732 0.975330 0.728899 0.961723 0.722180 0.955714 0.710012 0.969320
0 0.805342 0.995095 0.805177 0.982071 0.799006 0.982149 0.799171 0.995174
0 0.675531 0.553071 0.685719 0.550414 0.679836 0.527847 0.669648 0.530504
0 0.623691 0.149491 0.628317 0.120255 0.616014 0.118308 0.611388 0.147544
0 0.445088 0.702428 0.459402 0.672886 0.447521 0.667130 0.433207 0.696671
0 0.755257 0.994931 0.755615 0.981734 0.746832 0.981495 0.746473 0.994692
0 0.687417 0.328917 0.701991 0.326600 0.697185 0.296363 0.682611 0.298679
0 0.851332 0.995019 0.851599 0.981304 0.846287 0.981201 0.846021 0.994916
0 0.818115 0.995139 0.818197 0.984214 0.811632 0.984165 0.811550 0.995090
0 0.737776 0.981190 0.808238 0.904437 0.666150 0.773996 0.595689 0.850749
0 0.808875 0.995898 0.808996 0.982710 0.802918 0.982655 0.802797 0.995842
0 0.005140 0.241726 0.006638 0.225348 0.000000 0.224677 0.000000 0.241055
0 0.000000 0.418011 0.331121 0.402680 0.330123 0.379992 0.000000 0.395323
0 0.842514 0.272407 0.848483 0.269246 0.841644 0.256330 0.835675 0.259490
0 1.000000 0.418612 1.000000 0.408474 0.994744 0.406196 0.992011 0.416334
0 0.835467 0.995422 0.835568 0.984847 0.829042 0.984785 0.828941 0.995360
0 0.999299 0.413062 1.000000 0.387462 0.878525 0.349482 0.870950 0.375082
