0 0.461774 0.781210 0.476530 0.748836 0.464348 0.743283 0.449591 0.775657
0 0.179065 0.333031 0.198992 0.305561 0.190272 0.299235 0.170345 0.326705
0 0.791601 0.792047 0.792993 0.754469 0.775131 0.753808 0.773740 0.791386
0 0.545526 0.616131 0.547251 0.586934 0.536507 0.586300 0.534782 0.615497
0 0.709448 0.189069 0.724068 0.171285 0.716112 0.164744 0.701491 0.182528
0 0.514822 0.694407 0.530177 0.667719 0.519567 0.661615 0.504212 0.688303
0 0.453766 0.086290 0.465294 0.076596 0.437379 0.043402 0.425851 0.053097
0 0.680391 0.769631 0.691533 0.732782 0.676492 0.728234 0.665350 0.765083
0 0.350989 0.954691 0.356367 0.923025 0.346271 0.921311 0.340894 0.952977
0 0.636962 0.242582 0.650033 0.222050 0.641202 0.216428 0.628131 0.236960
0 0.570515 0.957224 0.585012 0.918549 0.572806 0.913974 0.558309 0.952648
0 0.235655 0.270792 0.242330 0.261882 0.215419 0.241720 0.208744 0.250629
0 0.217612 0.296792 0.225321 0.285524 0.195427 0.265073 0.187719 0.276341
0 0.254276 0.247301 0.260258 0.235394 0.222374 0.216362 0.216392 0.228269
0 0.146854 0.386762 0.170948 0.350120 0.159480 0.342579 0.135386 0.379221
0 0.258075 0.214750 0.263411 0.204002 0.234318 0.189558 0.228982 0.200307
0 0.134512 0.343021 0.139018 0.336941 0.124727 0.326350 0.120221 0.332430
0 0.560923 0.947621 0.571210 0.911394 0.558415 0.907761 0.548129 0.943988
0 0.368236 0.757652 0.386253 0.719167 0.371343 0.712187 0.353326 0.750672
0 0.903034 0.465268 0.908241 0.418868 0.893841 0.417252 0.888634 0.463652
0 0.818463 0.952972 0.837654 0.909737 0.823827 0.903600 0.804636 0.946834
0 0.491751 0.113126 0.534622 0.087465 0.526526 0.073940 0.483655 0.099601
0 0.286493 0.160291 0.296453 0.152043 0.276718 0.128214 0.266759 0.136462
0 0.296900 1.000000 0.300814 0.970217 0.287400 0.968461 0.283487 0.998347
0 0.069532 0.294247 0.074519 0.288510 0.062063 0.277681 0.057076 0.283417
0 0.165580 0.382815 0.187467 0.350609 0.177110 0.343570 0.155222 0.375776
0 0.105750 0.431378 0.126942 0.412834 0.119871 0.404753 0.098679 0.423297
0 0.274372 0.187927 0.282504 0.180284 0.262854 0.159377 0.254722 0.167020
0 0.077896 0.286341 0.083074 0.280391 0.070342 0.269312 0.065164 0.275262
0 0.099659 0.396105 0.104813 0.390897 0.093423 0.379625 0.088269 0.384833
0 0.915788 0.464452 0.922966 0.427301 0.909835 0.424764 0.902657 0.461915
0 0.027098 0.799270 0.032353 0.773831 0.023023 0.771904 0.017768 0.797342
0 0.607087 0.742135 0.613261 0.712763 0.602100 0.710417 0.595926 0.739789
0 0.144638 0.333201 0.149336 0.326270 0.134197 0.316010 0.129500 0.322941
0 0.037122 0.804272 0.042842 0.779275 0.032200 0.776841 0.026481 0.801837
0 0.505449 0.068582 0.512693 0.064783 0.503397 0.047058 0.496153 0.050857
0 0.090847 0.403185 0.096060 0.397772 0.083976 0.386132 0.078762 0.391545
0 0.366616 0.155329 0.382317 0.142051 0.304062 0.049523 0.288362 0.062801
0 0.203890 0.963703 0.206267 0.930161 0.193813 0.929279 0.191436 0.962820
0 0.072052 0.421947 0.076630 0.417419 0.065928 0.406600 0.061351 0.411128
0 0.759653 0.294444 0.768437 0.255645 0.758677 0.253435 0.749892 0.292234
0 0.898499 0.887999 0.904587 0.853097 0.892198 0.850937 0.886111 0.885839
0 0.693897 0.789399 0.713998 0.744386 0.698489 0.737460 0.678387 0.782472
0 0.361704 0.025709 0.368888 0.022695 0.361324 0.004669 0.354141 0.007683
0 0.820054 0.056434 0.834111 0.045297 0.830185 0.040342 0.816128 0.051479
0 0.783329 0.995437 0.783815 0.981476 0.776011 0.981204 0.775524 0.995165
0 0.774453 0.501287 0.778444 0.468964 0.766730 0.467518 0.762739 0.499840
0 0.123976 0.927585 0.129912 0.892684 0.118503 0.890743 0.112567 0.925644
0 0.529246 0.816526 0.544411 0.788092 0.536386 0.783812 0.521221 0.812246
0 0.315320 0.221398 0.329891 0.208511 0.234952 0.101171 0.220381 0.114059
0 0.221445 0.221802 0.221434 0.212504 0.202648 0.212527 0.202660 0.221825
0 0.583982 0.445196 0.597425 0.414114 0.587868 0.409980 0.574424 0.441062
0 0.720850 0.974053 0.730536 0.931209 0.715407 0.927788 0.705720 0.970633
0 0.415638 0.129732 0.433585 0.116353 0.351748 0.006580 0.333802 0.019959
0 0.733957 0.985624 0.757711 0.951692 0.745468 0.943122 0.721714 0.977054
0 0.527207 0.816652 0.541791 0.787350 0.532240 0.782596 0.517656 0.811898
0 0.643719 0.499784 0.654372 0.469369 0.642488 0.465206 0.631835 0.495621
0 0.305738 0.221649 0.312344 0.216083 0.298206 0.199306 0.291600 0.204872
0 0.061572 0.303600 0.066473 0.297647 0.053603 0.287052 0.048703 0.293005
0 0.599761 0.876931 0.623831 0.849421 0.614460 0.841222 0.590391 0.868733
0 0.341320 0.092141 0.347745 0.087628 0.337423 0.072936 0.330999 0.077449
0 0.190372 0.023724 0.204783 0.015809 0.200954 0.008838 0.186544 0.016753
0 0.493545 0.078709 0.499110 0.074989 0.489966 0.061311 0.484401 0.065031
0 0.603129 0.627327 0.622008 0.606784 0.612627 0.598163 0.593748 0.618706
0 0.480015 0.099333 0.556764 0.053278 0.537660 0.021441 0.460911 0.067497
0 0.066315 0.427752 0.070516 0.423464 0.059781 0.412947 0.055580 0.417235
0 0.166370 0.227541 0.168701 0.220437 0.152725 0.215193 0.150393 0.222297
0 0.883297 0.357597 0.882554 0.322102 0.870514 0.322354 0.871257 0.357850
0 0.085356 0.278602 0.090454 0.272694 0.078683 0.262537 0.073585 0.268445
0 0.171208 0.218829 0.173625 0.211160 0.158398 0.206362 0.155982 0.214031
0 0.764325 0.505553 0.769228 0.436861 0.752160 0.435643 0.747257 0.504335
0 0.840364 0.957787 0.860912 0.919870 0.850268 0.914101 0.829719 0.952018
0 0.142857 0.774272 0.149496 0.758140 0.143592 0.755710 0.136953 0.771841
0 0.150169 0.780117 0.157898 0.764913 0.151964 0.761897 0.144235 0.777101
0 0.773987 0.995540 0.774301 0.981860 0.766112 0.981672 0.765798 0.995352
0 0.132865 0.382828 0.189362 0.297612 0.174788 0.287950 0.118291 0.373165
0 0.184224 0.015280 0.198492 0.007338 0.194550 0.000257 0.180283 0.008198
0 0.144272 0.775398 0.150988 0.760314 0.145047 0.757669 0.138331 0.772753
0 0.117674 0.295737 0.122320 0.289428 0.108235 0.279056 0.103589 0.285365
0 0.041637 0.889642 0.053516 0.868400 0.047088 0.864805 0.035209 0.886046
0 0.705081 0.998055 0.705277 0.984828 0.697106 0.984707 0.696910 0.997934
0 0.186247 0.200612 0.188431 0.191619 0.166492 0.186290 0.164307 0.195283
0 0.423381 0.044018 0.429816 0.038141 0.416296 0.023335 0.409860 0.029212
0 0.616867 1.000000 0.634100 0.968706 0.623033 0.963181 0.605800 0.997703
0 0.144350 0.260816 0.147064 0.253538 0.132014 0.247926 0.129300 0.255205
0 0.911874 0.895564 0.928388 0.865290 0.917310 0.859247 0.900796 0.889521
0 0.194566 0.175629 0.201545 0.170720 0.189748 0.153949 0.182769 0.158859
0 0.095043 0.331742 0.099502 0.325318 0.084237 0.314721 0.079778 0.321146
0 0.337196 0.055754 0.351719 0.047896 0.347901 0.040841 0.333378 0.048699
0 0.767734 0.297728 0.776297 0.258655 0.765825 0.256359 0.757261 0.295433
0 0.103460 0.322748 0.107850 0.316861 0.094961 0.307248 0.090570 0.313135
0 0.292374 0.062891 0.301504 0.056492 0.281402 0.027810 0.272271 0.034209
0 0.523895 0.813139 0.536229 0.784984 0.527705 0.781250 0.515371 0.809404
0 0.797343 0.995902 0.797604 0.981568 0.789766 0.981425 0.789504 0.995759
0 0.109532 0.381238 0.113510 0.375614 0.100380 0.366328 0.096403 0.371952
0 0.358892 0.065195 0.365104 0.060689 0.355347 0.047235 0.349135 0.051740
0 0.724108 0.978959 0.742752 0.944108 0.732021 0.938367 0.713377 0.973218
0 0.183118 0.187802 0.194149 0.178010 0.185618 0.168401 0.174588 0.178192
0 0.631487 1.000000 0.649941 0.979775 0.638003 0.971867 0.619548 0.999727
0 0.352539 0.671817 0.352406 0.649855 0.341214 0.649922 0.341347 0.671885
0 0.178184 0.210332 0.180217 0.202298 0.163198 0.197992 0.161166 0.206027
0 0.108600 0.313761 0.113795 0.307053 0.098391 0.295125 0.093196 0.301834
0 0.223413 0.205957 0.227829 0.200252 0.215706 0.190869 0.211290 0.196573
0 0.944813 0.247373 0.964827 0.217166 0.954871 0.210569 0.934856 0.240776
0 0.963285 0.152853 0.975175 0.126315 0.965276 0.121880 0.953385 0.148417
0 0.499547 0.073339 0.505258 0.070022 0.496591 0.055102 0.490880 0.058419
0 0.018076 0.482722 0.018066 0.448938 0.000267 0.448944 0.000277 0.482727
0 0.155432 0.243584 0.158000 0.236018 0.141573 0.230444 0.139006 0.238010
0 0.149936 0.252686 0.152612 0.245382 0.136723 0.239560 0.134046 0.246864
0 0.246541 0.066044 0.262822 0.053083 0.257102 0.045897 0.240820 0.058858
0 0.229710 0.291873 0.242224 0.274869 0.173571 0.224341 0.161056 0.241345
0 0.075921 0.996882 0.078341 0.972627 0.062169 0.971013 0.059749 0.995269
0 0.205294 0.854979 0.203757 0.829036 0.192298 0.829714 0.193835 0.855657
0 0.194088 0.247511 0.199861 0.241566 0.181726 0.223955 0.175953 0.229899
0 0.641558 0.697657 0.655669 0.659374 0.643514 0.654894 0.629403 0.693177
0 0.244043 0.718340 0.272375 0.677465 0.260928 0.669531 0.232596 0.710406
0 0.314000 0.431718 0.325091 0.391722 0.314249 0.388715 0.303158 0.428711
0 0.497598 1.000000 0.507463 0.976840 0.489762 0.970621 0.479897 0.998701
0 0.764358 0.995199 0.764917 0.981778 0.757271 0.981460 0.756713 0.994881
0 0.123660 0.286609 0.128165 0.280350 0.114037 0.270182 0.109532 0.276441
0 0.694989 0.995865 0.695240 0.984814 0.688695 0.984666 0.688444 0.995717
0 0.141252 0.773033 0.148255 0.757917 0.142074 0.755054 0.135072 0.770170
0 0.129082 0.277823 0.133459 0.271812 0.120269 0.262206 0.115891 0.268216
0 0.715375 0.995780 0.715515 0.984641 0.706750 0.984531 0.706610 0.995670
0 0.851275 0.994833 0.851486 0.982124 0.846290 0.982038 0.846079 0.994747
0 0.140189 0.143138 0.154761 0.136820 0.151769 0.129920 0.137198 0.136238
0 0.858719 0.994819 0.859341 0.982563 0.853991 0.982292 0.853370 0.994547
0 0.116810 0.031352 0.123200 0.026708 0.112321 0.011739 0.105931 0.016383
0 0.763350 0.297240 0.772604 0.257457 0.761653 0.254910 0.752399 0.294693
0 0.332941 0.084108 0.338904 0.080121 0.329065 0.065408 0.323102 0.069395
0 0.146937 0.150267 0.159964 0.143815 0.156728 0.137281 0.143701 0.143733
0 0.131415 0.931794 0.139414 0.898770 0.129101 0.896272 0.121102 0.929296
0 0.391601 0.060343 0.397724 0.055399 0.385121 0.039791 0.378998 0.044735
0 0.818036 0.994949 0.818182 0.984197 0.811872 0.984112 0.811726 0.994863
0 0.970160 0.160487 0.982900 0.132301 0.973634 0.128113 0.960895 0.156299
0 0.808258 0.995501 0.808327 0.983065 0.802729 0.983034 0.802661 0.995470
0 0.596490 0.734978 0.602532 0.706449 0.593504 0.704538 0.587462 0.733066
0 0.835525 0.995306 0.835619 0.984952 0.829176 0.984893 0.829082 0.995248
0 0.981970 0.972639 0.998690 0.927153 0.982381 0.921158 0.965661 0.966645
0 0.432726 0.415759 0.440314 0.391097 0.429796 0.387860 0.422207 0.412522
0 0.062546 0.461764 0.119389 0.404060 0.105792 0.390666 0.048949 0.448370
0 0.867846 0.995688 0.868294 0.984600 0.860978 0.984304 0.860530 0.995392
0 0.174407 0.009840 0.186150 0.003280 0.181858 0.000000 0.170115 0.002157
0 0.060123 0.458250 0.124205 0.385530 0.087042 0.352782 0.022960 0.425501
0 0.164636 0.652560 0.172276 0.611431 0.158828 0.608932 0.151187 0.650061
0 0.100204 0.023663 0.105848 0.019928 0.097706 0.007626 0.092062 0.011361
0 0.755670 0.995609 0.756212 0.981639 0.747168 0.981288 0.746626 0.995258
0 0.886781 0.995773 0.886867 0.984714 0.878425 0.984649 0.878340 0.995708
0 0.711003 0.407755 0.710757 0.397640 0.632825 0.399534 0.633070 0.409649
0 0.871282 0.225454 0.891946 0.196058 0.881463 0.188689 0.860799 0.218085
0 0.262956 0.237147 0.270336 0.222322 0.224287 0.199399 0.216907 0.214224
