0 0.941484 0.108462 0.941643 0.098605 0.857464 0.097246 0.857305 0.107103
0 0.149071 0.157496 0.149022 0.148316 0.072988 0.148718 0.073036 0.157898
0 0.111577 0.471135 0.111570 0.460767 0.035302 0.460817 0.035309 0.471186
0 0.869635 0.657740 0.869698 0.648854 0.813974 0.648463 0.813912 0.657349
0 0.337874 0.033753 0.337943 0.023286 0.259568 0.022768 0.259499 0.033235
0 0.694509 0.632288 0.694485 0.622245 0.618371 0.622423 0.618394 0.632467
0 0.703375 0.395656 0.703505 0.386130 0.623570 0.385047 0.623441 0.394573
0 0.329103 0.320121 0.329146 0.311622 0.253742 0.311239 0.253699 0.319738
0 0.889792 0.495291 0.889698 0.484908 0.812640 0.485603 0.812733 0.495986
0 0.077383 0.245903 0.077549 0.236249 0.009071 0.235067 0.008905 0.244721
0 0.094863 0.708975 0.094953 0.697403 0.020341 0.696822 0.020251 0.708394
0 0.344381 0.396111 0.344437 0.385117 0.269304 0.384737 0.269248 0.395730
0 0.470636 0.420444 0.470785 0.410949 0.390503 0.409695 0.390355 0.419190
0 0.783046 0.995169 0.783531 0.981599 0.775935 0.981327 0.775450 0.994897
0 0.763499 0.871074 0.763782 0.862275 0.723328 0.860974 0.723045 0.869772
0 0.864650 0.295443 0.864734 0.285461 0.780826 0.284752 0.780742 0.294734
0 0.715359 0.995724 0.715895 0.984932 0.707421 0.984510 0.706884 0.995303
0 0.704788 0.997717 0.704873 0.984792 0.697103 0.984741 0.697018 0.997665
0 0.773799 0.995179 0.774169 0.982143 0.766255 0.981918 0.765884 0.994954
0 0.293572 0.883219 0.293689 0.874317 0.217114 0.873310 0.216997 0.882212
0 0.764380 0.995091 0.764921 0.982096 0.757317 0.981780 0.756776 0.994775
0 0.747644 0.871823 0.747845 0.861383 0.677572 0.860029 0.677371 0.870469
0 0.722469 0.295310 0.722581 0.285512 0.639142 0.284557 0.639030 0.294355
0 0.694643 0.995814 0.694876 0.984879 0.688722 0.984748 0.688489 0.995683
0 0.727694 0.997536 0.727859 0.984709 0.718094 0.984583 0.717929 0.997410
0 0.745827 0.995599 0.747002 0.982687 0.735416 0.981632 0.734241 0.994544
0 0.542773 0.021283 0.542758 0.010766 0.471048 0.010872 0.471064 0.021389
0 0.797146 0.995621 0.797480 0.981901 0.789854 0.981715 0.789519 0.995436
0 0.755745 0.995427 0.756160 0.982094 0.747420 0.981822 0.747006 0.995156
