0 0.028320 0.856781 0.037923 0.846527 0.009256 0.819680 0.000000 0.829934
0 0.025412 0.043208 0.080094 0.027303 0.075325 0.010907 0.020643 0.026812
0 0.194590 0.558456 0.204417 0.543744 0.161412 0.515018 0.151585 0.529730
0 0.186782 0.747549 0.214993 0.727351 0.207117 0.716352 0.178907 0.736550
0 0.363552 0.590319 0.385777 0.552812 0.372996 0.545238 0.350770 0.582745
0 0.098573 0.329905 0.137388 0.316600 0.132661 0.302811 0.093846 0.316116
0 0.246708 0.526110 0.254554 0.513433 0.221713 0.493107 0.213867 0.505784
0 0.215203 0.812953 0.220759 0.803379 0.196710 0.789420 0.191153 0.798994
0 0.403469 0.673110 0.408964 0.663994 0.386231 0.650292 0.380736 0.659408
0 0.141431 0.718091 0.170036 0.698090 0.162251 0.686956 0.133646 0.706958
0 0.067731 0.232371 0.099794 0.223966 0.096569 0.211662 0.064505 0.220067
0 0.244388 0.590542 0.252641 0.577744 0.216699 0.554567 0.208446 0.567365
0 0.271326 0.452439 0.275167 0.441528 0.245599 0.431119 0.241758 0.442030
0 0.088596 0.293494 0.128039 0.280873 0.123578 0.266930 0.084135 0.279551
0 0.309851 0.620587 0.319195 0.605716 0.278134 0.579914 0.268790 0.594785
0 0.199821 0.763274 0.231948 0.737049 0.222177 0.725078 0.190049 0.751303
0 0.110864 0.693343 0.142535 0.671687 0.134610 0.660096 0.102939 0.681753
0 0.097575 0.677246 0.125041 0.656749 0.117285 0.646356 0.089819 0.666853
0 0.011866 0.086270 0.024717 0.083266 0.016171 0.046718 0.003320 0.049722
0 0.159667 0.728290 0.191042 0.704538 0.182164 0.692811 0.150790 0.716563
0 0.035173 0.884088 0.042396 0.876293 0.024188 0.859421 0.016964 0.867217
0 0.339351 0.585824 0.345937 0.576836 0.322813 0.559891 0.316228 0.568878
0 0.128115 0.702764 0.158074 0.682521 0.150236 0.670921 0.120278 0.691164
0 0.339829 0.881954 0.354040 0.877427 0.341502 0.838067 0.327290 0.842595
0 0.115769 0.752390 0.122409 0.742254 0.096951 0.725575 0.090311 0.735711
0 0.369728 0.670572 0.376954 0.660500 0.348225 0.639887 0.340998 0.649958
0 0.085990 0.274377 0.120007 0.265314 0.116762 0.253137 0.082746 0.262200
0 0.409910 0.661974 0.415614 0.653329 0.394979 0.639716 0.389276 0.648360
0 0.178180 0.733761 0.203722 0.715812 0.196078 0.704934 0.170536 0.722884
0 0.177831 0.454076 0.186211 0.443411 0.159761 0.422630 0.151382 0.433295
0 0.307965 0.813624 0.313917 0.804227 0.289040 0.788470 0.283088 0.797867
0 0.112347 0.578570 0.150200 0.532175 0.138043 0.522257 0.100190 0.568651
0 0.296869 0.840186 0.306272 0.829490 0.278473 0.805053 0.269070 0.815750
0 0.056726 0.174744 0.085806 0.166740 0.082833 0.155938 0.053753 0.163942
0 0.053528 0.159986 0.086092 0.151184 0.082925 0.139469 0.050361 0.148271
0 0.276786 0.415279 0.280286 0.404416 0.252257 0.395383 0.248756 0.406246
0 0.195086 0.371749 0.198500 0.360722 0.170353 0.352006 0.166938 0.363034
0 0.424343 0.640962 0.430548 0.631909 0.410604 0.618241 0.404400 0.627295
0 0.055632 0.883546 0.065002 0.873390 0.038548 0.848986 0.029179 0.859143
0 0.328344 0.889867 0.340805 0.886015 0.331240 0.855072 0.318779 0.858924
0 0.099356 0.310684 0.132883 0.299015 0.127947 0.284831 0.094419 0.296500
0 0.190033 0.434666 0.197262 0.423817 0.170881 0.406238 0.163652 0.417087
0 0.063906 0.071143 0.074458 0.068186 0.066230 0.038816 0.055677 0.041773
0 0.308046 0.902887 0.319628 0.898300 0.307401 0.867425 0.295820 0.872011
0 0.220508 0.763485 0.242235 0.746002 0.235750 0.737944 0.214024 0.755427
0 0.416422 0.651968 0.422370 0.642920 0.401658 0.629303 0.395710 0.638351
0 0.216138 0.394709 0.219138 0.384611 0.192719 0.376762 0.189719 0.386859
0 0.211949 0.501082 0.219806 0.489544 0.185015 0.465854 0.177159 0.477392
0 0.161170 0.048078 0.171501 0.045132 0.163422 0.016801 0.153092 0.019747
0 0.426749 0.602644 0.440551 0.572545 0.429799 0.567615 0.415998 0.597713
0 0.317053 0.893370 0.328611 0.889276 0.318592 0.860990 0.307034 0.865084
0 0.279958 0.545806 0.287088 0.536528 0.259886 0.515624 0.252757 0.524901
0 0.298519 0.913177 0.309768 0.909474 0.300915 0.882576 0.289665 0.886279
0 0.295400 0.461856 0.299625 0.454125 0.280265 0.443544 0.276040 0.451274
0 0.064951 0.196671 0.095919 0.185875 0.092040 0.174749 0.061072 0.185545
0 0.324839 0.471578 0.328190 0.463702 0.307499 0.454899 0.304148 0.462775
0 0.043580 0.143502 0.075143 0.132887 0.071334 0.121560 0.039771 0.132175
0 0.028759 0.084702 0.039814 0.082145 0.032293 0.049632 0.021238 0.052189
0 0.342433 0.421373 0.348720 0.401414 0.340105 0.398700 0.333818 0.418660
0 0.235142 0.440505 0.239226 0.429658 0.210575 0.418871 0.206491 0.429718
0 0.093721 0.151250 0.116512 0.143653 0.113479 0.134555 0.090688 0.142151
0 0.049793 0.074644 0.060460 0.071266 0.051179 0.041964 0.040511 0.045343
0 0.243345 0.399209 0.245593 0.390865 0.225726 0.385511 0.223478 0.393855
0 0.232238 0.383463 0.235387 0.372773 0.211890 0.365851 0.208741 0.376540
0 0.165302 0.783691 0.172356 0.773861 0.149346 0.757347 0.142292 0.767176
0 0.079985 0.657889 0.101576 0.639542 0.094192 0.630852 0.072601 0.649199
0 0.012826 0.864886 0.020693 0.856730 0.000537 0.837285 0.000000 0.845440
0 0.175461 0.034246 0.184227 0.031241 0.176683 0.009238 0.167917 0.012243
0 0.093708 0.026075 0.134101 0.014056 0.130032 0.000378 0.089638 0.012397
0 0.079476 0.117090 0.105690 0.104898 0.101167 0.095173 0.074953 0.107365
0 0.432467 0.629851 0.446222 0.611869 0.438277 0.605791 0.424522 0.623773
0 0.306207 0.562166 0.312966 0.553926 0.293939 0.538320 0.287180 0.546560
0 0.335212 0.648793 0.340936 0.640666 0.320546 0.626304 0.314822 0.634431
0 0.186463 0.317566 0.200953 0.292511 0.191483 0.287035 0.176993 0.312090
0 0.248829 0.782830 0.268939 0.767351 0.262475 0.758953 0.242365 0.774432
0 0.015055 0.892769 0.022446 0.885410 0.004279 0.867165 0.000000 0.874524
0 0.034600 0.909828 0.041935 0.902026 0.024471 0.885608 0.017137 0.893409
0 0.148406 0.049948 0.158362 0.046741 0.150045 0.020915 0.140088 0.024122
0 0.059566 0.794146 0.066237 0.788037 0.050932 0.771323 0.044260 0.777432
0 0.199145 0.099471 0.202731 0.089921 0.178175 0.080698 0.174588 0.090248
0 0.393431 0.599029 0.409872 0.560315 0.400145 0.556184 0.383704 0.594898
0 0.234961 0.777295 0.255089 0.759431 0.248013 0.751457 0.227884 0.769321
0 0.108013 0.202747 0.117271 0.199982 0.110079 0.175903 0.100821 0.178668
0 0.029472 0.090087 0.251157 0.024434 0.234459 0.000000 0.012773 0.033704
0 0.270414 0.607525 0.275758 0.598541 0.253919 0.585551 0.248575 0.594535
0 0.043820 0.704574 0.049628 0.695173 0.023303 0.678910 0.017495 0.688311
0 0.330810 0.417488 0.335316 0.400315 0.327857 0.398358 0.323352 0.415531
0 0.187422 0.794859 0.192488 0.786971 0.175216 0.775876 0.170150 0.783764
0 0.043777 0.128564 0.074260 0.117416 0.069574 0.104603 0.039091 0.115752
0 0.242709 0.861396 0.249272 0.852626 0.228022 0.836723 0.221459 0.845493
0 0.142468 0.765826 0.148486 0.756609 0.128221 0.743378 0.122203 0.752596
0 0.075260 0.996568 0.075949 0.974573 0.062479 0.974151 0.061791 0.996146
0 0.213221 0.022144 0.220415 0.020214 0.215861 0.003241 0.208666 0.005171
0 0.185411 0.387287 0.188236 0.377380 0.162003 0.369901 0.159178 0.379809
0 0.175909 0.308867 0.189042 0.288442 0.180317 0.282831 0.167183 0.303257
0 0.085731 0.126264 0.108357 0.116415 0.104266 0.107017 0.081640 0.116866
0 0.203574 0.088627 0.207667 0.079433 0.184291 0.069026 0.180198 0.078220
0 0.300064 0.422197 0.302807 0.414070 0.283812 0.407659 0.281070 0.415786
0 0.202610 0.027308 0.211216 0.025559 0.207004 0.004838 0.198398 0.006587
0 0.386197 0.581428 0.397041 0.558070 0.386229 0.553050 0.375384 0.576408
0 0.274918 0.856593 0.281613 0.847959 0.260221 0.831371 0.253526 0.840006
0 0.129291 0.815985 0.136297 0.807793 0.113877 0.788620 0.106871 0.796812
0 0.099924 0.062377 0.109374 0.059281 0.101966 0.036672 0.092516 0.039768
0 0.281744 0.839038 0.287935 0.831203 0.269599 0.816713 0.263408 0.824548
0 0.089830 0.609118 0.108188 0.587969 0.099669 0.580574 0.081311 0.601724
0 0.096933 0.163565 0.118862 0.155173 0.115394 0.146112 0.093465 0.154504
0 0.005002 0.940761 0.010007 0.932871 0.000208 0.926654 0.000000 0.934544
0 0.274068 0.395369 0.279837 0.379295 0.272660 0.376719 0.266890 0.392793
0 0.353146 0.480099 0.355854 0.474261 0.342155 0.467908 0.339448 0.473746
0 0.078682 0.778646 0.081507 0.771308 0.064977 0.764945 0.062152 0.772283
0 0.188048 0.282584 0.191739 0.276170 0.176519 0.267412 0.172829 0.273825
0 0.285109 0.399442 0.290864 0.384301 0.284474 0.381872 0.278718 0.397013
0 0.090263 0.663342 0.109635 0.646793 0.103283 0.639357 0.083911 0.655906
0 0.311162 0.410307 0.316892 0.393209 0.308557 0.390416 0.302827 0.407514
0 0.293688 0.402964 0.299973 0.387040 0.292577 0.384121 0.286292 0.400045
0 0.336765 0.451319 0.339172 0.445754 0.321068 0.437926 0.318662 0.443492
0 0.117126 0.047204 0.126538 0.044742 0.120958 0.023419 0.111547 0.025881
0 0.370822 0.454410 0.373331 0.448401 0.354593 0.440578 0.352084 0.446587
0 0.083995 0.060905 0.093653 0.058132 0.086415 0.032924 0.076756 0.035698
0 0.138504 0.290542 0.144406 0.287542 0.137029 0.273027 0.131126 0.276027
0 0.340081 0.445869 0.342648 0.440033 0.329170 0.434105 0.326604 0.439941
0 0.277544 0.845907 0.283026 0.839018 0.264617 0.824370 0.259135 0.831259
0 0.227378 0.817566 0.244212 0.798683 0.235936 0.791306 0.219102 0.810188
0 0.347107 0.465100 0.352626 0.452440 0.347633 0.450263 0.342114 0.462923
0 0.091529 0.818047 0.095695 0.810659 0.072104 0.797357 0.067938 0.804745
0 0.259536 0.387449 0.262761 0.378940 0.244600 0.372056 0.241375 0.380565
0 0.188159 0.029938 0.195845 0.026964 0.189007 0.009295 0.181321 0.012269
0 0.098324 0.347339 0.171863 0.326341 0.103425 0.086662 0.029886 0.107660
0 0.085805 0.731303 0.090473 0.723943 0.074563 0.713852 0.069895 0.721211
0 0.230854 0.806655 0.273047 0.764430 0.107928 0.599435 0.065735 0.641661
0 0.378340 0.842206 0.394887 0.836161 0.378327 0.790832 0.361780 0.796877
0 0.345957 0.434217 0.348504 0.428168 0.335744 0.422793 0.333197 0.428842
0 0.442637 0.595651 0.451645 0.575408 0.443613 0.571833 0.434605 0.592076
0 0.063207 0.716944 0.068212 0.710050 0.053850 0.699623 0.048846 0.706516
0 0.019287 0.959674 0.026702 0.953333 0.013495 0.937891 0.006081 0.944233
0 0.358507 0.427265 0.361073 0.420555 0.346972 0.415163 0.344407 0.421873
0 0.209437 0.636049 0.215678 0.628246 0.196829 0.613169 0.190588 0.620972
0 0.070561 0.645886 0.091528 0.617917 0.082342 0.611031 0.061375 0.639000
0 0.351406 0.490611 0.379574 0.408191 0.176309 0.338723 0.148142 0.421143
0 0.234938 0.868001 0.241191 0.859100 0.221097 0.844983 0.214844 0.853884
0 0.218518 0.053597 0.222578 0.037439 0.215800 0.035736 0.211740 0.051894
0 0.190598 0.131609 0.254041 0.000000 0.225136 0.000000 0.161692 0.117721
0 0.184025 0.671022 0.199257 0.649975 0.190651 0.643746 0.175419 0.664793
0 0.233854 0.047351 0.237658 0.035764 0.231743 0.033822 0.227938 0.045409
0 0.345311 0.782918 0.365225 0.774360 0.361143 0.764861 0.341229 0.773418
0 0.002479 0.975921 0.016654 0.963005 0.010331 0.956066 0.000000 0.968982
0 0.131649 0.272291 0.137537 0.269079 0.130675 0.256501 0.124787 0.259714
0 0.184350 0.466800 0.211004 0.431254 0.201274 0.423959 0.174621 0.459505
0 0.348481 0.458816 0.366173 0.406246 0.175665 0.342131 0.157973 0.394701
0 0.069794 0.871215 0.076037 0.864367 0.060656 0.850343 0.054412 0.857191
0 0.005919 0.708222 0.006893 0.693409 0.000000 0.692934 0.000000 0.707748
0 0.042847 0.897485 0.067104 0.871678 0.009614 0.817644 0.000000 0.843451
0 0.098669 0.832854 0.103354 0.826476 0.085006 0.812998 0.080321 0.819376
0 0.004716 1.000000 0.013622 0.996560 0.003786 0.984364 0.000000 0.991548
0 0.397592 0.692888 0.467723 0.590013 0.441137 0.571888 0.371005 0.674764
