0 0.246039 0.341536 0.246077 0.333861 0.207633 0.333671 0.207595 0.341346
0 0.236709 0.529099 0.236782 0.521321 0.199087 0.520964 0.199013 0.528742
0 0.200981 0.528640 0.200936 0.520063 0.153487 0.520311 0.153532 0.528888
0 0.596971 0.554601 0.597009 0.544064 0.519363 0.543782 0.519325 0.554319
0 0.208682 0.341536 0.208810 0.333100 0.163553 0.332415 0.163425 0.340850
0 0.975979 0.280110 0.976150 0.270403 0.896360 0.268997 0.896189 0.278705
0 0.057029 0.481618 0.057497 0.471885 0.003287 0.469279 0.002819 0.479012
0 0.579126 0.829170 0.579039 0.819228 0.505262 0.819869 0.505349 0.829811
0 0.410104 0.554853 0.410176 0.545822 0.337753 0.545243 0.337681 0.554274
0 0.355245 0.205433 0.355160 0.194573 0.279579 0.195163 0.279664 0.206023
0 0.224465 0.231293 0.224694 0.220896 0.143160 0.219098 0.142930 0.229495
0 0.762128 0.491824 0.762165 0.482112 0.683674 0.481809 0.683637 0.491520
0 0.791943 0.818568 0.792047 0.807034 0.713441 0.806325 0.713337 0.817859
0 0.640245 0.179267 0.640172 0.170593 0.564110 0.171238 0.564184 0.179912
0 0.393573 0.355997 0.393680 0.345509 0.312825 0.344685 0.312718 0.355172
0 0.209373 0.679211 0.209476 0.671774 0.141934 0.670840 0.141831 0.678276
0 0.997582 0.793332 0.997761 0.783560 0.920801 0.782150 0.920622 0.791921
0 0.371798 0.867529 0.372000 0.857618 0.288704 0.855917 0.288501 0.865828
0 0.407986 0.755707 0.408203 0.745823 0.326568 0.744029 0.326351 0.753913
0 0.585563 0.866693 0.585577 0.858616 0.508646 0.858487 0.508632 0.866563
0 0.783095 0.995209 0.783625 0.981807 0.775956 0.981503 0.775425 0.994905
0 0.653025 0.318366 0.653138 0.307328 0.576100 0.306537 0.575987 0.317575
0 0.843131 0.167815 0.843297 0.158160 0.778734 0.157051 0.778569 0.166706
0 0.809524 0.169845 0.810156 0.160085 0.762560 0.157002 0.761927 0.166761
0 0.773772 0.995163 0.774196 0.982455 0.766201 0.982188 0.765778 0.994897
0 0.074583 0.996423 0.076118 0.974782 0.062014 0.973782 0.060479 0.995422
0 0.825952 0.441838 0.825902 0.432066 0.747977 0.432463 0.748027 0.442235
0 0.764378 0.995043 0.764960 0.982237 0.757339 0.981890 0.756756 0.994697
0 0.851116 0.994975 0.851478 0.982521 0.846581 0.982379 0.846219 0.994832
0 0.797247 0.995741 0.797626 0.982145 0.789819 0.981927 0.789439 0.995523
0 0.835395 0.995401 0.835552 0.985414 0.829263 0.985315 0.829106 0.995302
0 0.342098 0.031698 0.342072 0.018570 0.337369 0.018579 0.337395 0.031708
0 0.914066 0.995305 0.914367 0.984339 0.906974 0.984136 0.906673 0.995103
0 0.886550 0.995256 0.886615 0.984747 0.879214 0.984701 0.879149 0.995210
0 0.858330 0.994514 0.858975 0.983008 0.854062 0.982733 0.853417 0.994238
0 0.867352 0.995228 0.867855 0.984789 0.861215 0.984469 0.860711 0.994907
0 0.715296 0.995671 0.715866 0.985179 0.707499 0.984724 0.706929 0.995216
0 0.997875 0.067444 0.997858 0.056414 0.936643 0.056504 0.936660 0.067534
0 0.818144 0.994843 0.818371 0.984426 0.811332 0.984272 0.811104 0.994689
0 0.992626 0.043187 0.992671 0.032062 0.931864 0.031816 0.931819 0.042941
0 0.999306 0.504381 0.999321 0.494644 0.968957 0.494598 0.968942 0.504335
0 0.924103 0.995558 0.924379 0.984363 0.916242 0.984162 0.915966 0.995357
0 0.704540 0.997457 0.704677 0.984924 0.696972 0.984840 0.696836 0.997373
0 0.745847 0.995614 0.747073 0.982673 0.735533 0.981578 0.734306 0.994520
0 0.974323 0.997294 0.975317 0.985436 0.966934 0.984733 0.965940 0.996591
0 0.727997 0.997522 0.728146 0.984662 0.717992 0.984544 0.717843 0.997405
0 0.869491 0.994992 0.869808 0.984616 0.862819 0.984402 0.862502 0.994778
0 0.755755 0.995247 0.756204 0.982174 0.747304 0.981867 0.746854 0.994941
0 0.964607 0.995710 0.965341 0.984929 0.956518 0.984329 0.955784 0.995109
