0 0.432052 0.713616 0.470758 0.661741 0.309840 0.541673 0.271134 0.593548
0 0.178939 1.000000 0.222788 0.988440 0.099449 0.862159 0.055601 0.904986
0 0.647371 0.177495 0.660190 0.165032 0.625699 0.129554 0.612880 0.142016
0 0.160247 0.963760 0.179340 0.945121 0.171440 0.937029 0.152347 0.955667
0 0.535024 0.303314 0.549389 0.290770 0.514921 0.251299 0.500556 0.263843
0 0.739413 0.145829 0.749056 0.135204 0.719946 0.108785 0.710304 0.119409
0 0.897072 0.037582 0.926995 0.015726 0.918858 0.004585 0.888935 0.026441
0 0.106422 0.907351 0.130670 0.886496 0.123336 0.877968 0.099088 0.898824
0 0.926313 0.102352 0.932066 0.092662 0.907593 0.078132 0.901840 0.087822
0 0.827062 0.041652 0.833846 0.031143 0.807892 0.014390 0.801109 0.024900
0 0.910327 0.052822 0.943153 0.024836 0.932917 0.012829 0.900090 0.040815
0 0.674823 0.228287 0.683487 0.218422 0.657158 0.195297 0.648494 0.205162
0 0.081291 0.931458 0.103568 0.912623 0.096183 0.903888 0.073906 0.922723
0 0.658400 0.293562 0.669699 0.284240 0.643998 0.253090 0.632699 0.262412
0 0.746216 0.173163 0.753268 0.165521 0.734860 0.148536 0.727809 0.156178
0 0.503493 0.257896 0.532348 0.227551 0.521200 0.216951 0.492346 0.247296
0 0.698212 0.252475 0.705271 0.245379 0.687399 0.227599 0.680339 0.234695
0 0.660767 0.237891 0.669133 0.228721 0.644362 0.206120 0.635996 0.215290
0 0.109162 0.958740 0.128096 0.940778 0.120760 0.933045 0.101826 0.951007
0 0.931143 0.052918 0.953659 0.035121 0.946958 0.026644 0.924443 0.044441
0 0.076944 0.890043 0.103409 0.863091 0.095697 0.855519 0.069233 0.882471
0 0.186942 0.990017 0.203809 0.972929 0.196694 0.965906 0.179827 0.982994
0 0.876505 0.072189 0.883523 0.062521 0.860472 0.045789 0.853454 0.055457
0 0.723410 0.152708 0.730915 0.144727 0.711030 0.126027 0.703524 0.134008
0 0.490492 0.381442 0.514976 0.355508 0.506261 0.347280 0.481776 0.373214
0 0.625740 0.259063 0.636660 0.250505 0.614997 0.222861 0.604077 0.231418
0 0.678701 0.285049 0.687446 0.278792 0.669423 0.253604 0.660678 0.259861
0 0.218737 0.780715 0.226897 0.772394 0.206665 0.752550 0.198504 0.760871
0 0.052956 0.092220 0.059021 0.080553 0.029069 0.064982 0.023004 0.076649
0 0.196965 0.813822 0.203852 0.805253 0.180557 0.786532 0.173670 0.795101
0 0.868335 0.016757 0.893428 0.002638 0.886634 0.000000 0.861541 0.004682
0 0.071463 0.919457 0.092255 0.899963 0.084663 0.891866 0.063871 0.911360
0 0.018339 0.216536 0.043769 0.172678 0.027375 0.163172 0.001945 0.207031
0 0.196658 0.996273 0.212022 0.981115 0.205547 0.974552 0.190183 0.989710
0 0.170498 0.972476 0.188676 0.954469 0.181143 0.946865 0.162965 0.964872
0 0.264147 0.761003 0.271323 0.751762 0.247156 0.732995 0.239980 0.742235
0 0.082904 0.078625 0.108724 0.029753 0.089921 0.019819 0.064101 0.068691
0 0.898635 0.084233 0.903976 0.076274 0.886315 0.064423 0.880974 0.072381
0 0.126875 0.976207 0.144337 0.960006 0.137270 0.952389 0.119808 0.968590
0 0.351910 0.258201 0.365044 0.219136 0.350024 0.214086 0.336890 0.253151
0 0.483776 0.626546 0.508914 0.592604 0.377547 0.495312 0.352409 0.529254
0 0.620667 0.107574 0.663731 0.076502 0.650023 0.057503 0.606959 0.088575
0 0.152997 0.952236 0.169528 0.935661 0.162147 0.928301 0.145617 0.944875
0 0.096483 0.896831 0.116633 0.878370 0.109228 0.870287 0.089077 0.888747
0 0.959744 0.072245 0.979836 0.056597 0.973217 0.048099 0.953126 0.063746
0 0.889324 0.022693 0.917699 0.003421 0.909838 0.000000 0.881463 0.011119
0 0.418340 0.327342 0.433000 0.284635 0.415803 0.278731 0.401143 0.321439
0 0.945766 0.067028 0.966495 0.048621 0.958890 0.040057 0.938161 0.058464
0 0.094064 0.941912 0.111405 0.924144 0.103760 0.916682 0.086419 0.934450
0 0.537638 0.219412 0.556673 0.197141 0.548920 0.190515 0.529885 0.212786
0 0.725628 0.182098 0.733165 0.174326 0.714753 0.156470 0.707215 0.164243
0 0.568780 0.333239 0.578971 0.324013 0.554129 0.296570 0.543937 0.305796
0 0.134449 0.933404 0.150215 0.917041 0.143354 0.910430 0.127588 0.926793
0 0.767436 0.172463 0.776155 0.163230 0.752692 0.141073 0.743973 0.150305
0 0.101195 0.949451 0.119113 0.930926 0.111442 0.923506 0.093524 0.942032
0 0.382155 0.632004 0.397835 0.612179 0.389822 0.605841 0.374143 0.625666
0 0.291226 0.782306 0.297969 0.773647 0.275171 0.755896 0.268428 0.764555
0 0.125062 0.925796 0.144298 0.905000 0.136602 0.897881 0.117366 0.918677
0 0.682079 0.255201 0.689478 0.247860 0.673330 0.231585 0.665931 0.238926
0 0.853296 0.055359 0.859774 0.045667 0.838733 0.031603 0.832255 0.041295
0 0.237118 0.739222 0.245314 0.730376 0.220710 0.707579 0.212513 0.716426
0 0.770454 0.083180 0.777205 0.077100 0.761970 0.060182 0.755219 0.066261
0 0.713683 0.231201 0.720306 0.224087 0.701922 0.206972 0.695299 0.214086
0 0.177693 0.980514 0.194980 0.963744 0.188062 0.956612 0.170774 0.973381
0 0.695224 0.210022 0.701515 0.202894 0.684578 0.187947 0.678288 0.195075
0 0.118951 0.966142 0.136032 0.950183 0.128879 0.942528 0.111799 0.958486
0 0.603096 0.145800 0.627144 0.127803 0.620055 0.118331 0.596007 0.136327
0 0.361130 0.615099 0.375608 0.596772 0.367675 0.590505 0.353197 0.608832
0 0.745903 0.199077 0.753279 0.191096 0.735520 0.174682 0.728143 0.182663
0 0.137958 0.983779 0.153563 0.969749 0.147583 0.963097 0.131978 0.977128
0 0.319643 0.643227 0.348575 0.613097 0.337546 0.602507 0.308614 0.632637
0 0.372040 0.624618 0.387485 0.604073 0.378397 0.597241 0.362952 0.617786
0 0.200194 0.794156 0.206424 0.784326 0.185114 0.770819 0.178884 0.780649
0 0.115493 0.917447 0.132092 0.901275 0.125659 0.894671 0.109059 0.910843
0 0.016236 0.102054 0.024831 0.086751 0.018852 0.083394 0.010257 0.098697
0 0.249495 0.723001 0.257131 0.713658 0.234869 0.695464 0.227233 0.704808
0 0.356319 0.729041 0.363183 0.721086 0.343528 0.704128 0.336664 0.712083
0 0.396061 0.678860 0.410351 0.658041 0.402412 0.652592 0.388122 0.673411
0 0.587147 0.211153 0.594849 0.204406 0.576656 0.183639 0.568954 0.190387
0 0.231946 0.765556 0.239813 0.757337 0.220602 0.738947 0.212735 0.747165
0 0.224283 0.867318 0.231697 0.857485 0.208392 0.839913 0.200978 0.849746
0 0.147012 0.995988 0.164405 0.978701 0.157482 0.971736 0.140089 0.989023
0 0.385614 0.673033 0.399351 0.652906 0.391567 0.647593 0.377830 0.667721
0 0.251490 0.782714 0.258289 0.774848 0.240985 0.759890 0.234186 0.767756
0 0.042966 0.159458 0.060455 0.134518 0.050284 0.127385 0.032795 0.152325
0 0.287508 0.692964 0.295752 0.683976 0.272964 0.663076 0.264721 0.672064
0 0.043375 0.123599 0.048069 0.116922 0.030683 0.104699 0.025989 0.111375
0 0.340585 0.640011 0.357026 0.620715 0.349376 0.614197 0.332935 0.633493
0 0.299646 0.679020 0.307135 0.669705 0.284927 0.651852 0.277438 0.661166
0 0.797475 0.021635 0.802642 0.013760 0.785411 0.002454 0.780244 0.010329
0 0.093386 0.460293 0.102585 0.411665 0.085776 0.408485 0.076577 0.457113
0 0.223348 0.816498 0.230430 0.808787 0.212797 0.792593 0.205715 0.800305
0 0.939158 0.104662 0.953756 0.087063 0.945926 0.080569 0.931328 0.098168
0 0.005211 0.095085 0.014741 0.078339 0.008150 0.074588 0.000000 0.091334
0 0.349617 0.606597 0.364522 0.587588 0.355892 0.580821 0.340987 0.599830
0 0.299595 1.000000 0.309464 0.995209 0.170961 0.865890 0.161093 0.876460
0 0.360067 0.757732 0.383151 0.729899 0.261367 0.628895 0.238283 0.656728
0 0.303663 0.768621 0.309787 0.761491 0.294060 0.747984 0.287936 0.755114
0 0.840678 0.105760 0.847853 0.097484 0.824656 0.077372 0.817480 0.085649
0 0.281628 0.164478 0.298290 0.127443 0.284244 0.121123 0.267582 0.158159
0 0.789893 0.068179 0.792862 0.060303 0.775857 0.053892 0.772887 0.061769
0 0.339550 0.818767 0.360023 0.792882 0.228547 0.688893 0.208074 0.714778
0 0.013336 0.249726 0.013128 0.218450 0.000000 0.218542 0.000000 0.249818
0 0.533235 0.374867 0.539956 0.367260 0.520631 0.350187 0.513910 0.357794
0 0.347372 0.650540 0.367252 0.628923 0.358974 0.621311 0.339094 0.642928
0 0.377186 0.058313 0.401234 0.028904 0.389842 0.019589 0.365794 0.048998
0 0.396171 0.642094 0.408974 0.625041 0.401542 0.619461 0.388739 0.636514
0 0.289897 0.610713 0.309395 0.585839 0.300031 0.578500 0.280533 0.603373
0 0.290649 0.745867 0.292502 0.734838 0.265919 0.730372 0.264066 0.741401
0 0.246431 0.834655 0.252624 0.827211 0.234010 0.811723 0.227817 0.819167
0 0.757394 0.328255 0.765071 0.322329 0.748939 0.301432 0.741262 0.307358
0 0.326649 0.925230 0.340003 0.910325 0.178937 0.766023 0.165583 0.780928
0 0.247284 0.905997 0.253233 0.898236 0.234885 0.884171 0.228935 0.891932
0 0.269558 0.602692 0.293057 0.575295 0.283024 0.566690 0.259525 0.594087
0 0.339218 0.597667 0.355259 0.577757 0.346432 0.570645 0.330391 0.590555
0 0.446379 0.680698 0.460037 0.662576 0.451338 0.656020 0.437681 0.674143
0 0.953422 0.150272 0.959741 0.142044 0.938974 0.126095 0.932655 0.134323
0 0.353442 0.987464 0.361020 0.978592 0.203746 0.844253 0.196168 0.853125
0 0.730750 0.248312 0.737381 0.242368 0.724182 0.227644 0.717551 0.233588
0 0.256170 0.861234 0.260939 0.855932 0.248980 0.845173 0.244210 0.850474
0 0.206525 1.000000 0.220745 0.991681 0.215104 0.985321 0.200884 0.997934
0 0.436540 0.674877 0.448028 0.659099 0.442049 0.654746 0.430561 0.670524
0 0.329871 0.590438 0.347680 0.568096 0.337847 0.560259 0.320039 0.582601
0 0.074777 0.995704 0.075723 0.975089 0.062320 0.974475 0.061375 0.995089
0 0.407158 0.681999 0.418318 0.666287 0.411340 0.661331 0.400181 0.677043
0 0.686748 0.272477 0.700362 0.262204 0.695764 0.256110 0.682149 0.266383
0 0.248410 0.803824 0.254366 0.797396 0.237128 0.781425 0.231172 0.787854
0 0.334673 0.729677 0.340958 0.721988 0.322823 0.707164 0.316537 0.714854
0 0.630930 0.386973 0.639310 0.379738 0.521149 0.242878 0.512770 0.250112
0 0.704974 0.161495 0.711336 0.154408 0.694833 0.139597 0.688472 0.146685
0 0.009502 0.139786 0.009324 0.121735 0.000000 0.121831 0.000000 0.139882
0 0.258040 0.733943 0.280370 0.724490 0.275832 0.713771 0.253503 0.723224
0 0.950755 0.091870 0.988868 0.056301 0.905470 0.000000 0.867357 0.002507
0 0.428949 0.147934 0.442954 0.110890 0.429759 0.105902 0.415754 0.142945
0 0.613489 0.460883 0.627345 0.443184 0.510703 0.351866 0.496846 0.369565
0 0.330383 0.704573 0.336689 0.696685 0.318225 0.681922 0.311918 0.689810
0 0.337764 0.880246 0.347347 0.870034 0.211525 0.742578 0.201942 0.752790
0 0.242886 0.882302 0.248317 0.876350 0.235304 0.864477 0.229874 0.870428
0 0.204612 0.708254 0.225818 0.685835 0.216615 0.677131 0.195410 0.699550
0 0.057567 0.773175 0.065147 0.750277 0.054720 0.746825 0.047139 0.769723
0 0.134533 0.008525 0.134518 0.000000 0.107069 0.000000 0.107084 0.008570
0 0.859944 0.005606 0.859773 0.000087 0.847126 0.000479 0.847297 0.005997
0 0.801952 0.106805 0.806183 0.099159 0.783038 0.086353 0.778808 0.093999
0 0.156454 0.479920 0.169966 0.476904 0.162142 0.441848 0.148630 0.444864
0 0.419872 0.658168 0.429998 0.644044 0.423575 0.639439 0.413449 0.653562
0 0.534067 0.394535 0.540732 0.386652 0.521191 0.370132 0.514526 0.378015
0 0.034704 0.211432 0.052867 0.179625 0.042146 0.173502 0.023983 0.205309
0 0.781577 0.161073 0.787854 0.154045 0.771315 0.139276 0.765038 0.146304
0 0.163354 0.784605 0.179453 0.764213 0.170582 0.757209 0.154482 0.777601
0 0.402797 0.647291 0.415920 0.631794 0.409781 0.626596 0.396659 0.642093
0 0.229041 0.836648 0.233442 0.831331 0.222125 0.821966 0.217725 0.827284
0 0.330806 0.440069 0.348154 0.419363 0.339615 0.412208 0.322267 0.432914
