0 0.188173 0.971965 0.189390 0.937872 0.177039 0.937431 0.175822 0.971524
0 0.501144 0.188564 0.506310 0.154058 0.494965 0.152360 0.489799 0.186866
0 0.429208 0.290783 0.440217 0.283866 0.421612 0.254251 0.410603 0.261168
0 0.119542 0.881923 0.130265 0.880129 0.124819 0.847578 0.114096 0.849372
0 0.595189 0.254647 0.598864 0.245865 0.576540 0.236523 0.572865 0.245305
0 0.075306 0.996659 0.077275 0.974593 0.062193 0.973247 0.060224 0.995313
0 0.876529 0.305691 0.876481 0.297465 0.813806 0.297829 0.813854 0.306055
0 0.331979 0.368735 0.332083 0.359916 0.267751 0.359157 0.267647 0.367976
0 0.064838 0.156762 0.064949 0.147301 0.000860 0.146548 0.000749 0.156009
0 0.740130 0.132386 0.740146 0.120722 0.664508 0.120620 0.664492 0.132283
0 0.780316 0.619970 0.855283 0.618245 0.855043 0.607817 0.780076 0.609542
0 0.457205 0.086128 0.470494 0.079447 0.444495 0.027733 0.431206 0.034414
0 0.783075 0.995099 0.783550 0.981629 0.776005 0.981362 0.775529 0.994832
0 0.084601 0.656233 0.084716 0.648267 0.041765 0.647648 0.041650 0.655614
0 0.939611 0.718965 0.939682 0.710660 0.859329 0.709964 0.859257 0.718269
0 0.727888 0.881971 0.727941 0.870553 0.659990 0.870237 0.659936 0.881655
0 0.005900 0.809297 0.015713 0.803850 0.003406 0.781679 0.000000 0.787126
0 0.648576 0.756900 0.648551 0.745737 0.571468 0.745911 0.571493 0.757074
0 0.160650 0.444960 0.160850 0.433212 0.082278 0.431874 0.082078 0.443621
0 0.694293 0.307099 0.694390 0.297129 0.613710 0.296348 0.613613 0.306318
0 0.255790 0.156129 0.255767 0.147096 0.175484 0.147301 0.175507 0.156335
0 0.773815 0.995047 0.774097 0.982016 0.766206 0.981845 0.765924 0.994876
0 0.540578 0.718657 0.540562 0.709603 0.457875 0.709753 0.457891 0.718807
0 0.740564 0.521550 0.740781 0.509089 0.667534 0.507814 0.667317 0.520275
0 0.509138 0.395520 0.520533 0.394287 0.516826 0.360019 0.505431 0.361252
0 0.764357 0.994980 0.764817 0.981936 0.757295 0.981670 0.756835 0.994715
0 0.499795 0.913737 0.522893 0.902286 0.518413 0.893249 0.495315 0.904700
0 0.469129 0.632112 0.480608 0.625917 0.463661 0.594522 0.452183 0.600718
0 0.796806 0.995049 0.797149 0.981618 0.790134 0.981439 0.789791 0.994870
0 0.857927 0.956936 0.858237 0.947822 0.809529 0.946164 0.809219 0.955277
0 0.850768 0.994782 0.851148 0.982294 0.846625 0.982156 0.846246 0.994644
0 0.834946 0.995012 0.835085 0.985479 0.829428 0.985397 0.829290 0.994929
0 0.549608 0.022029 0.549274 0.005621 0.543550 0.005738 0.543885 0.022145
0 0.715451 0.995566 0.715917 0.985120 0.707359 0.984738 0.706893 0.995183
0 0.858144 0.994528 0.858839 0.982696 0.854267 0.982427 0.853572 0.994259
0 0.310832 0.481182 0.311002 0.472810 0.261509 0.471807 0.261340 0.480180
0 0.704780 0.997736 0.704921 0.984948 0.697128 0.984862 0.696987 0.997650
0 0.747809 0.303883 0.748286 0.295530 0.744532 0.295316 0.744054 0.303669
0 0.974278 0.997519 0.975332 0.985390 0.966847 0.984653 0.965794 0.996782
0 0.275832 0.514222 0.276628 0.503645 0.272466 0.503331 0.271670 0.513909
0 0.866709 0.995211 0.867187 0.984701 0.861276 0.984432 0.860798 0.994942
0 0.886462 0.995309 0.886491 0.984564 0.879604 0.984546 0.879575 0.995291
0 0.817749 0.994841 0.817971 0.984528 0.812188 0.984404 0.811966 0.994716
0 0.518499 0.521305 0.518593 0.508777 0.437941 0.508175 0.437848 0.520703
0 0.695011 0.305792 0.695211 0.298168 0.649663 0.296973 0.649463 0.304597
0 0.914034 0.995275 0.914395 0.984391 0.907098 0.984149 0.906738 0.995033
0 0.094285 0.991907 0.095437 0.974411 0.082780 0.973578 0.081629 0.991074
0 0.114276 0.522852 0.115440 0.510828 0.111191 0.510416 0.110027 0.522441
0 0.727712 0.997529 0.727900 0.984694 0.718015 0.984549 0.717827 0.997384
0 0.247375 0.756434 0.247361 0.746311 0.173220 0.746411 0.173234 0.756534
0 0.755707 0.995343 0.756088 0.981972 0.747571 0.981729 0.747190 0.995100
0 0.745934 0.995578 0.747168 0.982802 0.735459 0.981672 0.734226 0.994448
0 0.404604 0.511781 0.417118 0.509659 0.408121 0.456593 0.395607 0.458715
0 0.830140 0.956497 0.830351 0.947908 0.778512 0.946635 0.778302 0.955225
