0 0.056255 0.267413 0.056328 0.257715 0.004775 0.257323 0.004701 0.267020
0 0.482469 0.231145 0.482565 0.219810 0.399914 0.219106 0.399818 0.230441
0 0.312052 0.893037 0.312055 0.881279 0.233735 0.881262 0.233732 0.893020
0 0.669210 0.016034 0.669184 0.008249 0.629502 0.008378 0.629527 0.016163
0 0.483528 0.705500 0.483511 0.694317 0.403070 0.694440 0.403087 0.705623
0 0.280991 0.530040 0.281077 0.519736 0.196106 0.519025 0.196020 0.529328
0 0.269790 0.329839 0.269948 0.321107 0.201727 0.319878 0.201569 0.328610
0 0.869567 0.242269 0.869649 0.232566 0.788690 0.231887 0.788609 0.241590
0 0.645680 0.955650 0.645635 0.945530 0.566555 0.945881 0.566599 0.956001
0 0.782962 0.995089 0.783433 0.981648 0.776095 0.981391 0.775624 0.994831
0 0.875555 0.130872 0.875672 0.119947 0.800351 0.119144 0.800234 0.130069
0 0.865128 0.418807 0.865296 0.407197 0.783762 0.406021 0.783594 0.417631
0 0.673563 0.617810 0.673703 0.607503 0.592704 0.606401 0.592564 0.616708
0 0.663670 0.516559 0.663594 0.508265 0.607780 0.508773 0.607855 0.517067
0 0.773571 0.994989 0.773901 0.982270 0.766336 0.982074 0.766007 0.994793
0 0.338698 0.655441 0.338822 0.645202 0.256021 0.644193 0.255896 0.654431
0 0.853856 0.805149 0.853888 0.794991 0.774301 0.794736 0.774268 0.804894
0 0.682228 0.294423 0.682299 0.282131 0.603984 0.281682 0.603914 0.293975
0 0.062653 0.692313 0.062799 0.683091 0.002814 0.682142 0.002668 0.691364
0 0.796974 0.995536 0.797302 0.981998 0.790015 0.981821 0.789686 0.995359
0 0.085814 0.417351 0.085764 0.407662 0.017506 0.408014 0.017556 0.417703
0 0.502412 0.967473 0.502269 0.954635 0.421456 0.955537 0.421599 0.968374
0 0.764206 0.994912 0.764716 0.982139 0.757469 0.981850 0.756960 0.994623
0 0.835193 0.995269 0.835328 0.985463 0.829359 0.985381 0.829224 0.995186
0 0.851032 0.994931 0.851388 0.982413 0.846552 0.982275 0.846196 0.994793
0 0.469804 0.430282 0.469983 0.419941 0.385181 0.418473 0.385002 0.428815
0 0.817932 0.994793 0.818156 0.984554 0.811849 0.984416 0.811625 0.994655
0 0.895489 0.314213 0.899674 0.300872 0.894100 0.299123 0.889914 0.312465
0 0.858301 0.994515 0.858983 0.982885 0.854161 0.982602 0.853479 0.994232
0 0.928046 0.654699 0.927971 0.644476 0.860408 0.644973 0.860483 0.655196
0 0.867025 0.995151 0.867527 0.984792 0.861325 0.984491 0.860823 0.994851
0 0.886266 0.995231 0.886326 0.984668 0.879776 0.984631 0.879716 0.995194
0 0.643019 0.016388 0.642881 0.007175 0.580092 0.008118 0.580230 0.017331
0 0.715331 0.995592 0.715820 0.985155 0.707478 0.984764 0.706989 0.995201
0 0.914039 0.995349 0.914356 0.984370 0.907121 0.984161 0.906804 0.995140
0 0.704719 0.997677 0.704823 0.984998 0.697166 0.984935 0.697062 0.997614
0 0.755576 0.995160 0.755979 0.982077 0.747537 0.981817 0.747134 0.994900
0 0.897425 0.060778 0.898229 0.048129 0.893284 0.047814 0.892480 0.060463
0 0.727554 0.997409 0.727678 0.984822 0.718197 0.984729 0.718073 0.997315
0 0.826767 0.994820 0.826918 0.985234 0.821581 0.985150 0.821431 0.994736
0 0.869331 0.994949 0.869677 0.984698 0.863434 0.984487 0.863088 0.994739
0 0.804958 0.994651 0.804903 0.982664 0.799490 0.982688 0.799544 0.994675
0 0.745948 0.995634 0.747219 0.982774 0.735562 0.981622 0.734291 0.994482
