0 0.040548 0.630665 0.080168 0.592856 0.065848 0.577849 0.026227 0.615658
0 0.402129 0.199270 0.432821 0.164915 0.419098 0.152656 0.388407 0.187011
0 0.501114 0.186764 0.528586 0.159348 0.517785 0.148525 0.490313 0.175941
0 0.000864 0.692810 0.022410 0.666426 0.010175 0.656434 0.000000 0.682818
0 0.110210 0.504184 0.137167 0.481810 0.128646 0.471543 0.101689 0.493918
0 0.060245 0.687229 0.084906 0.668001 0.076474 0.657187 0.051813 0.676414
0 0.443381 0.135729 0.477942 0.092657 0.462664 0.080397 0.428103 0.123469
0 0.136353 0.544072 0.162702 0.522661 0.154464 0.512524 0.128116 0.533935
0 0.104640 0.706938 0.121934 0.681671 0.111146 0.674287 0.093851 0.699553
0 0.457079 0.289969 0.479499 0.264841 0.468397 0.254935 0.445977 0.280063
0 0.322189 0.420833 0.342876 0.394271 0.332345 0.386070 0.311659 0.412633
0 0.569706 0.097276 0.594797 0.062876 0.582476 0.053889 0.557384 0.088288
0 0.356579 0.305069 0.386797 0.281623 0.376819 0.268763 0.346601 0.292209
0 0.611501 0.135945 0.628614 0.113418 0.618142 0.105462 0.601028 0.127989
0 0.251775 0.355750 0.278518 0.322211 0.266425 0.312569 0.239683 0.346108
0 0.373465 0.364761 0.392909 0.334903 0.381101 0.327214 0.361658 0.357072
0 0.621746 0.041205 0.646087 0.013894 0.634629 0.003682 0.610287 0.030993
0 0.338909 0.257568 0.364367 0.231921 0.353803 0.221436 0.328346 0.247082
0 0.197565 0.267271 0.227642 0.226376 0.212444 0.215198 0.182367 0.256094
0 0.204504 0.642338 0.277486 0.551006 0.249254 0.528447 0.176273 0.619779
0 0.157165 0.682146 0.175682 0.653554 0.164674 0.646424 0.146156 0.675017
0 0.005071 0.591090 0.020616 0.577238 0.014658 0.570551 0.000000 0.584404
0 0.302789 0.386194 0.326502 0.363792 0.318020 0.354814 0.294307 0.377216
0 0.567817 0.139527 0.588628 0.109099 0.577237 0.101309 0.556426 0.131736
0 0.238179 0.340315 0.259481 0.315542 0.250015 0.307402 0.228713 0.332175
0 0.437107 0.237530 0.454072 0.215011 0.442917 0.206607 0.425952 0.229126
0 0.538476 0.038112 0.561905 0.015971 0.552526 0.006047 0.529097 0.028188
0 0.011831 0.560358 0.027030 0.546786 0.021108 0.540154 0.005909 0.553726
0 0.036112 0.589705 0.052642 0.576007 0.046588 0.568701 0.030058 0.582399
0 0.270684 0.016189 0.278113 0.000892 0.265720 0.000000 0.258291 0.010170
0 0.165632 0.486493 0.182818 0.471542 0.176273 0.464019 0.159087 0.478969
0 0.299455 0.050377 0.313617 0.028997 0.303946 0.022592 0.289785 0.043971
0 0.366403 0.010398 0.365728 0.000000 0.344276 0.000000 0.344951 0.011485
0 0.018542 0.566720 0.032808 0.553481 0.026904 0.547119 0.012637 0.560357
0 0.021203 0.614696 0.038905 0.600597 0.032271 0.592268 0.014569 0.606368
0 0.270820 0.444388 0.292216 0.425606 0.283572 0.415759 0.262176 0.434541
0 0.068052 0.302208 0.109893 0.264850 0.096524 0.249878 0.054684 0.287236
0 0.185448 0.471842 0.203681 0.457426 0.196857 0.448795 0.178624 0.463212
0 0.006182 0.551430 0.018658 0.540284 0.013522 0.534534 0.001045 0.545680
0 0.103398 0.095951 0.157361 0.025582 0.048403 0.000000 0.000000 0.012396
0 0.007422 0.309605 0.006994 0.295251 0.000000 0.295469 0.000135 0.309823
0 0.138801 0.524149 0.156806 0.509789 0.150993 0.502500 0.132988 0.516861
0 0.012644 0.596880 0.025716 0.584209 0.020002 0.578314 0.006929 0.590985
0 0.025809 0.616061 0.063155 0.583633 0.005042 0.516706 0.000000 0.549133
0 0.254043 0.266673 0.285128 0.237682 0.273778 0.225512 0.242693 0.254504
0 0.000000 0.581065 0.011763 0.570223 0.006853 0.564799 0.000000 0.575641
0 0.023627 0.724194 0.041648 0.702075 0.034137 0.695956 0.016116 0.718074
0 0.443158 0.050917 0.470000 0.016313 0.456551 0.005880 0.429709 0.040484
0 0.070853 0.746829 0.083623 0.725294 0.074953 0.720152 0.062182 0.741687
0 0.108396 0.481233 0.110497 0.471706 0.089081 0.466983 0.086980 0.476509
0 0.238254 0.203969 0.277951 0.179081 0.268364 0.163789 0.228667 0.188677
0 0.259877 0.502361 0.278790 0.482890 0.269571 0.473935 0.250658 0.493406
0 0.213800 0.584592 0.226756 0.567794 0.218495 0.561423 0.205539 0.578221
0 0.197226 0.602426 0.213422 0.584703 0.205561 0.577520 0.189365 0.595243
0 0.118852 0.091032 0.148852 0.057725 0.135643 0.045827 0.105643 0.079135
0 0.081844 0.580675 0.095246 0.568367 0.089676 0.562301 0.076274 0.574609
0 0.068135 0.464605 0.075532 0.459393 0.060006 0.437358 0.052609 0.442570
0 0.061141 0.470925 0.068534 0.465616 0.052300 0.443005 0.044907 0.448313
0 0.013029 0.342522 0.031698 0.330306 0.025814 0.321314 0.007145 0.333530
0 0.133698 0.507505 0.151119 0.493595 0.145696 0.486804 0.128276 0.500713
0 0.281531 0.455771 0.304192 0.435814 0.295149 0.425545 0.272488 0.445503
0 0.006296 0.291674 0.007521 0.279136 0.000000 0.278337 0.000000 0.290875
0 0.084958 0.457107 0.092027 0.451954 0.075385 0.429121 0.068316 0.434273
0 0.006767 0.527241 0.007097 0.514858 0.000000 0.514652 0.000000 0.527034
0 0.059818 0.194988 0.085656 0.165980 0.000000 0.088973 0.000000 0.117981
0 0.725931 0.150658 0.737461 0.133765 0.730110 0.128748 0.718580 0.145641
0 0.096864 0.445361 0.103828 0.440709 0.088102 0.417168 0.081138 0.421819
0 0.030786 0.578674 0.044685 0.566405 0.039154 0.560140 0.025256 0.572409
