0 0.072685 0.495115 0.089753 0.463225 0.076505 0.456134 0.059437 0.488025
0 0.041438 0.450803 0.059951 0.418511 0.045615 0.410292 0.027101 0.442583
0 0.019403 0.490151 0.037566 0.458326 0.023361 0.450218 0.005197 0.482043
0 0.098145 0.577867 0.106623 0.563427 0.075790 0.545325 0.067312 0.559765
0 0.803531 0.658865 0.817651 0.658411 0.816656 0.627460 0.802537 0.627914
0 0.729881 0.661622 0.743447 0.660855 0.741696 0.629874 0.728130 0.630641
0 0.788640 0.660248 0.803032 0.659615 0.801698 0.629269 0.787305 0.629902
0 0.628543 0.676158 0.646101 0.674567 0.639143 0.597765 0.621585 0.599356
0 0.744935 0.662628 0.758776 0.662002 0.757368 0.630872 0.743528 0.631497
0 0.017525 0.586532 0.035726 0.558349 0.023677 0.550567 0.005476 0.578750
0 0.701255 0.664134 0.714988 0.663491 0.713506 0.631858 0.699772 0.632502
0 0.716320 0.661480 0.729329 0.660760 0.727659 0.630592 0.714649 0.631312
0 0.774366 0.661165 0.788310 0.660373 0.786598 0.630245 0.772655 0.631037
0 0.759650 0.660888 0.773520 0.660284 0.772171 0.629309 0.758301 0.629913
0 0.818287 0.659915 0.831626 0.659458 0.830579 0.628881 0.817240 0.629337
0 0.847309 0.658215 0.861096 0.657647 0.859825 0.626801 0.846037 0.627369
0 0.920200 0.657443 0.919252 0.625307 0.905274 0.625719 0.906222 0.657856
0 0.655928 0.665045 0.670041 0.664677 0.669227 0.633427 0.655114 0.633795
0 0.905031 0.657426 0.904199 0.625402 0.890280 0.625764 0.891111 0.657787
0 0.832548 0.659353 0.846124 0.658825 0.844921 0.627911 0.831345 0.628439
0 0.686067 0.662862 0.684645 0.634264 0.670643 0.634960 0.672065 0.663559
0 0.002095 0.518479 0.016539 0.494666 0.004132 0.487140 0.000000 0.510953
0 0.889896 0.658581 0.889106 0.626718 0.875336 0.627059 0.876125 0.658923
0 0.001009 0.616630 0.015766 0.592613 0.002789 0.584639 0.000000 0.608656
0 0.862088 0.659000 0.877436 0.657469 0.874435 0.627387 0.859087 0.628918
0 0.257142 0.549590 0.260428 0.537119 0.229955 0.529090 0.226669 0.541561
0 0.688964 0.661060 0.705499 0.654703 0.697110 0.632881 0.680575 0.639237
0 0.260519 0.574307 0.273374 0.544673 0.261869 0.539682 0.249014 0.569317
0 0.998791 0.940679 0.998954 0.931624 0.967700 0.931059 0.967537 0.940114
0 0.447380 0.686599 0.483154 0.685534 0.482684 0.669759 0.446911 0.670823
0 0.995427 0.265396 0.995516 0.256612 0.923930 0.255888 0.923841 0.264672
0 0.783032 0.995177 0.783579 0.981821 0.776074 0.981514 0.775527 0.994870
0 0.934177 0.656727 0.933733 0.631284 0.921116 0.631504 0.921559 0.656947
0 0.151849 0.711414 0.154286 0.699161 0.126225 0.693580 0.123788 0.705833
0 0.275061 0.571830 0.286706 0.545197 0.275631 0.540355 0.263986 0.566987
0 0.796935 0.995606 0.797345 0.982170 0.789905 0.981943 0.789496 0.995379
0 0.851050 0.994949 0.851455 0.982355 0.846543 0.982197 0.846137 0.994791
0 0.236317 0.533969 0.248660 0.501799 0.237268 0.497428 0.224925 0.529598
0 0.325751 0.572343 0.340543 0.548614 0.331081 0.542715 0.316289 0.566444
0 0.773717 0.995105 0.774134 0.982387 0.766295 0.982130 0.765879 0.994848
0 0.835380 0.995350 0.835550 0.985267 0.829283 0.985161 0.829113 0.995244
0 0.308532 0.563824 0.321567 0.540652 0.312333 0.535458 0.299298 0.558629
0 0.997290 0.113814 0.997135 0.105554 0.963200 0.106192 0.963355 0.114451
0 0.858357 0.994502 0.859056 0.982818 0.854150 0.982525 0.853451 0.994209
0 0.818063 0.994874 0.818265 0.984410 0.811594 0.984280 0.811392 0.994745
0 0.886524 0.995329 0.886610 0.984605 0.879470 0.984548 0.879383 0.995271
0 0.867136 0.995317 0.867666 0.984710 0.861237 0.984389 0.860708 0.994996
0 0.764310 0.995004 0.764892 0.982194 0.757415 0.981854 0.756832 0.994664
0 0.298375 0.559680 0.311756 0.537225 0.302534 0.531730 0.289154 0.554185
0 0.804847 0.994869 0.804831 0.982880 0.799416 0.982887 0.799432 0.994876
0 0.997604 0.264927 0.997698 0.257633 0.951315 0.257037 0.951222 0.264331
0 0.869388 0.995055 0.869708 0.984638 0.862921 0.984430 0.862602 0.994846
0 0.256651 0.536867 0.268919 0.514216 0.259186 0.508945 0.246918 0.531596
