0 0.501693 0.899377 0.506062 0.865516 0.494660 0.864045 0.490292 0.897906
0 0.429132 1.000000 0.439832 0.993913 0.420950 0.965199 0.410250 0.972236
0 0.135736 0.422797 0.148494 0.418777 0.137003 0.382313 0.124245 0.386334
0 0.783067 0.995133 0.783566 0.981700 0.776100 0.981423 0.775601 0.994856
0 0.538612 0.717261 0.552536 0.711431 0.534512 0.668385 0.520588 0.674216
0 0.773713 0.994959 0.774008 0.982094 0.766255 0.981916 0.765961 0.994782
0 0.764265 0.994932 0.764765 0.982044 0.757387 0.981758 0.756886 0.994646
0 0.008039 0.205662 0.056533 0.204526 0.056306 0.194816 0.007811 0.195952
0 0.796925 0.995357 0.797283 0.981855 0.790026 0.981662 0.789668 0.995164
0 0.595152 0.965691 0.598861 0.956686 0.576319 0.947403 0.572611 0.956408
0 0.906916 0.479664 0.906979 0.470270 0.835820 0.469788 0.835756 0.479183
0 0.930252 0.705939 0.930204 0.693826 0.854603 0.694125 0.854651 0.706238
0 0.128913 0.431130 0.139472 0.420821 0.112568 0.393265 0.102009 0.403574
0 0.704863 0.997814 0.704975 0.984913 0.697188 0.984845 0.697076 0.997746
0 0.467781 0.294935 0.478988 0.286940 0.453676 0.251460 0.442469 0.259455
0 0.835213 0.995372 0.835349 0.985449 0.829345 0.985367 0.829209 0.995289
0 0.745148 0.840987 0.745022 0.831052 0.661595 0.832109 0.661720 0.842043
0 0.561175 0.381890 0.572415 0.372553 0.547239 0.342247 0.535999 0.351584
0 0.958426 0.280536 0.958560 0.269701 0.874087 0.268658 0.873953 0.279493
0 0.715464 0.995576 0.715850 0.985083 0.707321 0.984769 0.706935 0.995262
0 0.727586 0.997490 0.727797 0.984734 0.718113 0.984574 0.717902 0.997329
0 0.850973 0.994888 0.851375 0.982446 0.846635 0.982293 0.846233 0.994735
0 0.997338 0.628640 1.000000 0.624946 0.997276 0.610635 0.990036 0.614329
0 0.755590 0.995211 0.755991 0.982035 0.747725 0.981784 0.747325 0.994960
0 0.847619 0.019028 0.849257 0.000909 0.832366 0.000000 0.830729 0.017501
0 0.257883 0.867301 0.257945 0.857527 0.174213 0.856993 0.174151 0.866767
0 0.457451 0.798415 0.471485 0.790984 0.443779 0.738659 0.429745 0.746090
0 0.858315 0.994547 0.858991 0.982884 0.854193 0.982606 0.853517 0.994269
0 0.867069 0.995252 0.867591 0.984768 0.861303 0.984455 0.860781 0.994939
0 0.601362 0.236161 0.611254 0.229069 0.590190 0.199687 0.580298 0.206779
0 0.817915 0.994781 0.818146 0.984610 0.811899 0.984468 0.811668 0.994640
0 0.745969 0.995713 0.747240 0.982793 0.735381 0.981627 0.734110 0.994547
0 0.694621 0.995876 0.694872 0.984882 0.688796 0.984744 0.688545 0.995737
0 0.691381 0.430043 0.691440 0.420791 0.617310 0.420322 0.617252 0.429574
0 0.886473 0.995291 0.886536 0.984764 0.879354 0.984720 0.879291 0.995247
0 0.299239 0.716902 0.298950 0.704774 0.226130 0.706513 0.226419 0.718640
0 0.966620 0.778956 0.976565 0.769721 0.952320 0.743616 0.942376 0.752851
0 0.253912 0.373225 0.263503 0.371002 0.256592 0.341187 0.247001 0.343411
0 0.064375 0.867490 0.064520 0.858192 0.001946 0.857213 0.001800 0.866511
0 0.869389 0.994936 0.869718 0.984802 0.863312 0.984594 0.862984 0.994729
0 0.071078 0.131894 0.070910 0.120259 0.019771 0.120993 0.019938 0.132628
0 0.914058 0.995271 0.914440 0.984467 0.907118 0.984208 0.906736 0.995012
0 0.406825 0.365333 0.409028 0.337359 0.397933 0.336485 0.395730 0.364459
0 0.826786 0.994880 0.826927 0.985244 0.821516 0.985165 0.821375 0.994801
0 0.423904 0.917027 0.460216 0.915767 0.459892 0.906426 0.423580 0.907686
0 0.805032 0.994716 0.804999 0.982644 0.799549 0.982659 0.799582 0.994731
0 0.808076 0.994958 0.808113 0.983436 0.802792 0.983419 0.802754 0.994940
0 0.677203 0.630278 0.677273 0.620078 0.594837 0.619511 0.594767 0.629711
0 0.246029 0.379493 0.257727 0.375142 0.246245 0.344270 0.234547 0.348620
0 0.386089 0.374894 0.401740 0.368543 0.383915 0.324615 0.368264 0.330966
0 0.313228 0.187079 0.328569 0.183933 0.319453 0.139483 0.304112 0.142629
0 0.057814 0.530356 0.057751 0.519933 0.008209 0.520235 0.008273 0.530658
0 0.590359 0.058754 0.601602 0.046419 0.571049 0.018569 0.559805 0.030905
0 0.357809 0.081641 0.368466 0.075239 0.350664 0.045603 0.340007 0.052004
