0 0.403318 0.553994 0.403432 0.543850 0.324665 0.542973 0.324552 0.553116
0 0.426408 0.453304 0.426741 0.444794 0.388273 0.443290 0.387940 0.451800
0 0.216827 0.618067 0.234542 0.593428 0.228979 0.589429 0.211264 0.614067
0 0.335428 0.229059 0.335448 0.217875 0.256962 0.217738 0.256942 0.228922
0 0.567850 0.753562 0.567907 0.743647 0.529440 0.743426 0.529383 0.753340
0 0.224921 0.581463 0.228990 0.573698 0.207770 0.562577 0.203700 0.570343
0 0.525152 0.515862 0.525142 0.506258 0.447041 0.506335 0.447050 0.515938
0 0.450143 0.268130 0.448153 0.252667 0.407457 0.257904 0.409447 0.273368
0 0.151022 0.728394 0.150824 0.717806 0.109360 0.718584 0.109559 0.729172
0 0.166425 0.478579 0.166433 0.468395 0.089731 0.468331 0.089723 0.478514
0 0.384362 0.450805 0.380760 0.439483 0.348117 0.449868 0.351718 0.461190
0 0.363873 0.866120 0.363840 0.855345 0.283854 0.855596 0.283888 0.866370
0 0.190084 0.727040 0.190431 0.719273 0.165268 0.718150 0.164921 0.725916
0 0.134728 0.164802 0.134665 0.156601 0.093370 0.156923 0.093434 0.165123
0 0.761669 0.428625 0.761701 0.418156 0.681670 0.417910 0.681638 0.428379
0 0.782975 0.995086 0.783634 0.981726 0.776193 0.981359 0.775534 0.994719
0 0.077317 0.550310 0.076458 0.536468 0.039460 0.538764 0.040319 0.552606
0 0.168774 0.752581 0.172504 0.744902 0.151958 0.734924 0.148229 0.742603
0 0.186589 0.185209 0.186579 0.172816 0.155618 0.172841 0.155629 0.185235
0 0.773584 0.994865 0.773992 0.982079 0.766416 0.981837 0.766009 0.994623
0 0.083005 0.531501 0.091568 0.523061 0.065730 0.496847 0.057167 0.505286
0 0.850847 0.994874 0.851329 0.982388 0.846632 0.982207 0.846150 0.994693
0 0.383582 0.437717 0.387610 0.423533 0.355620 0.414449 0.351593 0.428634
0 0.161373 0.731301 0.161927 0.708286 0.153194 0.708076 0.152639 0.731091
0 0.835256 0.995289 0.835410 0.985188 0.829264 0.985094 0.829110 0.995196
0 0.168548 0.066050 0.168575 0.056782 0.097116 0.056573 0.097089 0.065841
0 0.715491 0.995510 0.715896 0.984978 0.707312 0.984648 0.706907 0.995180
0 0.796816 0.995266 0.797332 0.981872 0.790062 0.981591 0.789545 0.994986
0 0.866593 0.995223 0.867251 0.984676 0.861437 0.984314 0.860779 0.994861
0 0.764212 0.994803 0.764778 0.981990 0.757487 0.981668 0.756921 0.994481
0 0.858191 0.994455 0.858981 0.982802 0.854312 0.982485 0.853522 0.994139
0 0.886445 0.995579 0.886586 0.984825 0.879679 0.984734 0.879538 0.995488
0 0.516803 0.345104 0.550427 0.331771 0.544913 0.317865 0.511289 0.331199
0 0.817888 0.994917 0.818159 0.984470 0.811786 0.984305 0.811515 0.994751
0 0.727821 0.997429 0.728139 0.984592 0.718172 0.984344 0.717853 0.997182
