0 0.845098 0.423005 0.857793 0.418945 0.846065 0.382278 0.833370 0.386338
0 0.173273 0.429441 0.173251 0.420667 0.126249 0.420782 0.126271 0.429556
0 0.966010 0.866987 0.966088 0.858511 0.887788 0.857799 0.887711 0.866274
0 0.771779 0.867695 0.771832 0.857496 0.695743 0.857102 0.695691 0.867301
0 0.693862 0.204717 0.772823 0.205054 0.772864 0.195518 0.693903 0.195180
0 0.581237 0.843356 0.581148 0.830503 0.496750 0.831087 0.496839 0.843939
0 0.782994 0.995031 0.783472 0.981884 0.775968 0.981611 0.775489 0.994758
0 0.935479 0.719966 0.983238 0.717950 0.982711 0.705469 0.934952 0.707485
0 0.529400 0.923182 0.529212 0.898795 0.523263 0.898841 0.523452 0.923228
0 0.250870 0.607045 0.251093 0.595808 0.166085 0.594119 0.165862 0.605355
0 0.613075 0.630939 0.612845 0.617914 0.539884 0.619199 0.540113 0.632224
0 0.581680 0.204717 0.623291 0.203851 0.623112 0.195224 0.581501 0.196090
0 0.578013 0.117448 0.578279 0.108368 0.537851 0.107181 0.537584 0.116261
0 0.773701 0.994966 0.774058 0.982431 0.766254 0.982209 0.765897 0.994744
0 0.785908 0.131322 0.785783 0.119854 0.719456 0.120578 0.719581 0.132046
0 0.850938 0.994891 0.851331 0.982552 0.846638 0.982402 0.846245 0.994742
0 0.835204 0.995202 0.835346 0.985485 0.829330 0.985397 0.829188 0.995114
0 0.360211 0.555922 0.437975 0.554780 0.437805 0.543220 0.360041 0.544362
0 0.141748 0.429432 0.141722 0.419516 0.087757 0.419660 0.087783 0.429576
0 0.573892 0.223064 0.584119 0.220122 0.576007 0.191920 0.565780 0.194862
0 0.797074 0.995289 0.797416 0.982059 0.790088 0.981870 0.789746 0.995100
0 0.993775 0.054232 0.993586 0.043770 0.945928 0.044628 0.946117 0.055090
0 0.764372 0.994917 0.764890 0.982233 0.757373 0.981925 0.756855 0.994610
0 0.858310 0.994490 0.858979 0.983001 0.854206 0.982723 0.853537 0.994212
0 0.665436 0.406317 0.665512 0.393706 0.585126 0.393220 0.585050 0.405830
0 0.867177 0.995146 0.867713 0.984865 0.861286 0.984530 0.860750 0.994811
0 0.962825 0.372239 0.971276 0.371055 0.967152 0.341611 0.958701 0.342795
0 0.886518 0.995228 0.886580 0.984798 0.879223 0.984754 0.879160 0.995184
0 0.817981 0.994805 0.818246 0.984621 0.811774 0.984453 0.811510 0.994636
0 0.828804 0.680471 0.828975 0.670826 0.762729 0.669653 0.762558 0.679298
0 0.204647 0.305356 0.204673 0.295011 0.127140 0.294822 0.127114 0.305167
0 0.389144 0.742599 0.389156 0.732061 0.303712 0.731967 0.303700 0.742505
0 0.715487 0.995678 0.716044 0.985059 0.707527 0.984612 0.706969 0.995231
0 0.914017 0.995218 0.914394 0.984516 0.907090 0.984258 0.906713 0.994961
0 0.869421 0.994923 0.869787 0.984796 0.863198 0.984558 0.862831 0.994685
0 0.746047 0.995562 0.747264 0.982802 0.735435 0.981674 0.734218 0.994434
0 0.025617 0.762134 0.039412 0.752651 0.015929 0.718491 0.002134 0.727974
0 0.727884 0.997456 0.728067 0.984791 0.717967 0.984645 0.717784 0.997310
0 0.974299 0.997328 0.975320 0.985496 0.966805 0.984762 0.965784 0.996594
