0 0.527426 0.991550 0.570221 0.955015 0.556198 0.938589 0.513403 0.975124
0 0.645089 0.985679 0.681153 0.961425 0.669930 0.944737 0.633866 0.968991
0 0.649250 0.904471 0.680480 0.875537 0.668399 0.862497 0.637169 0.891431
0 0.064438 0.707559 0.075535 0.703380 0.063771 0.672140 0.052674 0.676319
0 0.499209 0.941746 0.535438 0.928979 0.529370 0.911759 0.493141 0.924527
0 0.623503 0.877252 0.644675 0.853584 0.632888 0.843040 0.611716 0.866709
0 0.051432 0.717777 0.063524 0.712749 0.050378 0.681132 0.038285 0.686160
0 0.122448 0.679737 0.133332 0.674572 0.121251 0.649113 0.110367 0.654278
0 0.024907 0.723586 0.205823 0.645753 0.182568 0.591698 0.001651 0.669531
0 0.447035 1.000000 0.481853 0.979904 0.472916 0.965236 0.438098 0.986452
0 0.022883 0.728629 0.049580 0.715555 0.043492 0.703122 0.016794 0.716196
0 0.580251 0.929940 0.606276 0.902283 0.596085 0.892693 0.570060 0.920351
0 0.829721 0.802156 0.858521 0.770622 0.845666 0.758882 0.816866 0.790416
0 0.074131 0.698148 0.084329 0.694065 0.074262 0.668915 0.064063 0.672997
0 0.011419 0.716984 0.040897 0.704263 0.035584 0.691953 0.006106 0.704675
0 0.560936 0.892956 0.582063 0.875822 0.573519 0.865286 0.552391 0.882420
0 0.088291 0.697039 0.100254 0.692235 0.089544 0.665569 0.077581 0.670373
0 0.136397 0.671786 0.147448 0.666867 0.136200 0.641604 0.125150 0.646523
0 0.051472 0.673275 0.062202 0.669149 0.053789 0.647272 0.043059 0.651399
0 0.175898 0.648878 0.186329 0.644504 0.177485 0.623414 0.167054 0.627788
0 0.110685 0.682338 0.120994 0.677999 0.110654 0.653434 0.100345 0.657773
0 0.409726 0.973730 0.435495 0.952686 0.425621 0.940594 0.399851 0.961637
0 0.495722 0.924590 0.520264 0.913054 0.514384 0.900545 0.489842 0.912081
0 0.091241 0.656742 0.101721 0.652548 0.093833 0.632835 0.083353 0.637029
0 0.400071 0.962078 0.419657 0.945473 0.411778 0.936179 0.392191 0.952784
0 0.932814 0.716278 0.940373 0.696865 0.930340 0.692959 0.922781 0.712371
0 0.973319 0.669074 0.989491 0.644630 0.979812 0.638228 0.963641 0.662671
0 0.017761 0.687614 0.039047 0.679039 0.034908 0.668765 0.013623 0.677340
0 0.949107 0.917106 0.988528 0.890710 0.978495 0.875727 0.939074 0.902123
0 0.450913 0.937562 0.473021 0.931525 0.470035 0.920588 0.447927 0.926625
0 0.110435 0.646719 0.119840 0.642485 0.111717 0.624443 0.102312 0.628677
0 0.123144 0.640878 0.131738 0.636565 0.123545 0.620240 0.114950 0.624553
0 0.980991 0.728629 0.991828 0.704978 0.981748 0.700359 0.970912 0.724011
0 0.824061 0.703608 0.831530 0.702107 0.828290 0.685989 0.820821 0.687490
0 0.908319 0.979285 0.938762 0.937507 0.923930 0.926698 0.893486 0.968476
0 0.772375 0.906485 0.796699 0.878696 0.635324 0.737444 0.611001 0.765233
0 0.798416 0.997996 0.798736 0.980821 0.788941 0.980638 0.788621 0.997814
0 0.965644 0.978731 0.996284 0.950282 0.984727 0.937835 0.954087 0.966284
0 0.557448 0.804855 0.566311 0.800931 0.558214 0.782642 0.549351 0.786566
0 0.705395 0.997924 0.705496 0.983652 0.697097 0.983593 0.696996 0.997864
0 0.547386 0.742645 0.557715 0.737403 0.547280 0.716843 0.536951 0.722085
0 0.751295 0.623193 0.761208 0.613524 0.713037 0.564133 0.703124 0.573802
0 0.784074 0.995814 0.784406 0.980967 0.775900 0.980776 0.775568 0.995624
