0 0.684586 0.194121 0.691065 0.166621 0.679697 0.163943 0.673218 0.191443
0 0.649679 0.247591 0.661088 0.225731 0.652209 0.221097 0.640800 0.242958
0 0.610899 0.327551 0.615965 0.300203 0.604566 0.298092 0.599500 0.325440
0 0.590262 0.324760 0.601559 0.320147 0.590430 0.292896 0.579133 0.297509
0 0.407360 0.627420 0.410827 0.598024 0.399675 0.596708 0.396207 0.626105
0 0.564929 0.828546 0.578394 0.799139 0.566302 0.793603 0.552838 0.823009
0 0.184854 0.291259 0.211259 0.274928 0.205566 0.265725 0.179162 0.282056
0 0.322595 0.177765 0.324309 0.165057 0.285986 0.159890 0.284272 0.172598
0 0.303526 0.456117 0.312156 0.432553 0.302091 0.428867 0.293461 0.452431
0 0.716782 0.922333 0.722003 0.888484 0.710811 0.886757 0.705589 0.920607
0 0.673323 0.190577 0.676609 0.164093 0.665212 0.162678 0.661925 0.189162
0 0.229113 0.230356 0.235483 0.226710 0.227140 0.212136 0.220770 0.215783
0 0.474757 0.575762 0.484321 0.572369 0.474256 0.543998 0.464693 0.547390
0 0.484172 0.904757 0.486285 0.874935 0.475293 0.874156 0.473180 0.903979
0 0.243663 0.630081 0.253841 0.603028 0.243595 0.599173 0.233417 0.626226
0 0.182490 0.845744 0.191369 0.816009 0.179967 0.812604 0.171087 0.842338
0 0.230719 0.720053 0.244471 0.694373 0.234640 0.689109 0.220889 0.714789
0 0.011213 0.804089 0.020231 0.784970 0.013263 0.781683 0.004244 0.800802
0 0.215171 0.273376 0.242821 0.257633 0.237132 0.247641 0.209482 0.263384
0 0.637892 0.249018 0.646663 0.224409 0.638022 0.221329 0.629250 0.245938
0 0.221406 0.235745 0.227734 0.231924 0.218463 0.216571 0.212136 0.220392
0 0.394682 0.880532 0.397687 0.851975 0.386344 0.850781 0.383339 0.879339
0 0.162602 0.216873 0.169146 0.214102 0.162172 0.197632 0.155628 0.200403
0 0.351109 0.377146 0.356580 0.341094 0.343962 0.339179 0.338492 0.375232
0 0.130948 0.234749 0.256172 0.173843 0.244546 0.149940 0.119322 0.210846
0 0.194080 0.201757 0.200536 0.198754 0.193510 0.183654 0.187055 0.186658
0 0.154469 0.220252 0.161007 0.217551 0.154429 0.201631 0.147892 0.204331
0 0.031515 0.307214 0.069116 0.280221 0.024844 0.218552 0.000000 0.245546
0 0.530571 0.984787 0.538417 0.949274 0.526407 0.946620 0.518561 0.982134
0 0.204244 0.197645 0.210647 0.194695 0.203548 0.179288 0.197145 0.182238
0 0.153999 0.311649 0.178450 0.294050 0.172151 0.285298 0.147700 0.302897
0 0.231920 0.183396 0.238177 0.180564 0.231614 0.166061 0.225357 0.168893
0 0.913837 0.143340 0.913051 0.116305 0.902722 0.116606 0.903508 0.143641
0 0.139509 0.266297 0.146800 0.262339 0.137026 0.244338 0.129735 0.248297
0 0.213266 0.240084 0.219102 0.236446 0.209765 0.221467 0.203928 0.225105
0 0.466995 0.643392 0.470677 0.615913 0.459113 0.614363 0.455432 0.641842
0 0.833087 0.215810 0.839480 0.181901 0.828591 0.179848 0.822198 0.213757
0 0.231716 0.796028 0.247779 0.776742 0.240356 0.770560 0.224293 0.789846
0 0.559350 0.436069 0.570629 0.433788 0.564784 0.404876 0.553505 0.407156
0 0.397579 0.552523 0.396762 0.523534 0.384045 0.523893 0.384861 0.552882
0 0.735684 0.088418 0.741032 0.063049 0.732397 0.061229 0.727049 0.086597
0 0.115339 0.322854 0.292668 0.213021 0.272705 0.180789 0.095376 0.290621
0 0.222980 0.439500 0.231676 0.439075 0.230392 0.412812 0.221696 0.413237
0 0.783308 0.995340 0.783820 0.981518 0.776004 0.981229 0.775492 0.995050
0 0.237120 0.226402 0.243467 0.222725 0.234876 0.207893 0.228528 0.211570
0 0.773928 0.995308 0.774265 0.981947 0.766202 0.981744 0.765865 0.995104
0 0.574163 0.143356 0.581007 0.114282 0.573242 0.112454 0.566398 0.141528
0 0.150007 0.025243 0.165520 0.017315 0.161891 0.010216 0.146378 0.018144
0 0.576202 0.253932 0.586838 0.225562 0.577829 0.222184 0.567192 0.250554
0 0.481720 0.976722 0.483249 0.950847 0.472749 0.950227 0.471219 0.976101
0 0.252440 0.216986 0.259429 0.213234 0.250771 0.197106 0.243782 0.200859
0 0.189319 0.763509 0.197927 0.740180 0.187964 0.736504 0.179356 0.759832
0 0.154321 0.031281 0.169166 0.024057 0.165838 0.017218 0.150993 0.024442
0 0.853025 0.063705 0.859453 0.047202 0.853485 0.044877 0.847057 0.061380
0 0.791598 0.945506 0.799970 0.908385 0.783842 0.904747 0.775470 0.941869
0 0.173161 0.266813 0.179178 0.261094 0.166611 0.247873 0.160594 0.253592
0 0.911675 0.243443 0.913669 0.218858 0.902365 0.217941 0.900372 0.242526
0 0.705099 0.997979 0.705263 0.984745 0.697173 0.984645 0.697009 0.997879
0 0.859462 0.070823 0.868066 0.053018 0.861734 0.049958 0.853131 0.067763
0 0.764377 0.995125 0.764902 0.981942 0.757202 0.981636 0.756677 0.994818
0 0.570892 0.142199 0.576721 0.113284 0.568789 0.111685 0.562960 0.140600
0 0.379794 0.626423 0.393107 0.623672 0.385476 0.586740 0.372163 0.589490
0 0.715741 0.048350 0.720962 0.024837 0.714705 0.023448 0.709484 0.046961
0 0.745060 0.097318 0.752022 0.068893 0.741749 0.066376 0.734786 0.094802
0 0.752376 0.175731 0.762592 0.157150 0.756911 0.154026 0.746695 0.172607
0 0.342113 0.998748 0.345713 0.978501 0.335981 0.976771 0.332381 0.997017
0 0.848996 0.061529 0.854811 0.045018 0.849032 0.042982 0.843216 0.059494
0 0.176074 0.209750 0.181660 0.205887 0.172401 0.192498 0.166816 0.196361
0 0.328342 0.166950 0.331321 0.114611 0.285165 0.111984 0.282186 0.164323
0 0.248929 0.174838 0.254440 0.171677 0.246874 0.158487 0.241363 0.161648
0 0.010196 0.377678 0.010398 0.347989 0.000000 0.347919 0.000000 0.377607
0 0.144837 0.017638 0.161474 0.009254 0.157580 0.001526 0.140943 0.009909
0 0.567613 0.251930 0.576173 0.224678 0.567574 0.221977 0.559014 0.249229
0 0.124485 0.016966 0.139988 0.009739 0.136448 0.002146 0.120945 0.009373
0 0.123599 0.026844 0.138053 0.019896 0.134903 0.013343 0.120449 0.020292
0 0.755734 0.995544 0.756155 0.981946 0.747477 0.981676 0.747055 0.995275
0 0.840417 0.222541 0.849241 0.188405 0.839307 0.185837 0.830483 0.219973
0 0.524860 0.973908 0.530170 0.945764 0.521049 0.944043 0.515739 0.972187
0 0.855851 0.065207 0.862313 0.050156 0.856450 0.047639 0.849988 0.062690
0 0.715484 0.995684 0.715851 0.985010 0.707057 0.984708 0.706690 0.995381
0 0.180179 0.261901 0.185428 0.257435 0.176990 0.247520 0.171741 0.251986
0 0.694861 0.995862 0.695128 0.984774 0.688731 0.984621 0.688464 0.995709
0 0.714404 0.047917 0.718950 0.024047 0.712882 0.022891 0.708335 0.046761
0 0.797106 0.995578 0.797428 0.981795 0.789771 0.981616 0.789450 0.995399
0 0.400563 0.334980 0.400711 0.324787 0.346163 0.323992 0.346014 0.334185
0 0.123326 0.008270 0.135788 0.002734 0.132791 0.000000 0.120328 0.001522
0 0.151582 0.041387 0.165007 0.035145 0.161832 0.028315 0.148406 0.034556
0 0.099076 0.306580 0.140168 0.288140 0.099202 0.196849 0.058110 0.215289
0 0.830376 0.540407 0.830724 0.504082 0.817666 0.503957 0.817319 0.540283
0 0.747136 0.180794 0.752559 0.170663 0.748307 0.168387 0.742883 0.178518
0 1.000000 0.291318 1.000000 0.256843 0.992413 0.256877 0.992560 0.291352
0 0.816112 0.676602 0.827037 0.640766 0.815838 0.637352 0.804913 0.673188
0 0.142511 0.009014 0.153999 0.002516 0.149993 0.000000 0.138505 0.001930
0 0.727432 0.997573 0.727618 0.984552 0.717874 0.984412 0.717688 0.997434
0 0.194210 0.252890 0.199539 0.249137 0.191346 0.237503 0.186016 0.241257
0 0.858704 0.994930 0.859428 0.982566 0.853961 0.982246 0.853237 0.994610
0 0.746044 0.995988 0.747399 0.982902 0.735345 0.981654 0.733991 0.994740
0 0.564583 0.139413 0.569613 0.112917 0.562293 0.111527 0.557262 0.138023
0 0.835491 0.995453 0.835611 0.985241 0.829148 0.985165 0.829028 0.995376
0 0.099406 0.263793 0.104183 0.261381 0.098600 0.250322 0.093822 0.252734
0 0.083125 0.244458 0.100494 0.238198 0.098092 0.231533 0.080723 0.237793
0 0.851309 0.994973 0.851635 0.982118 0.846332 0.981984 0.846007 0.994839
0 0.692150 0.709800 0.694863 0.673672 0.682958 0.672778 0.680245 0.708906
0 0.867690 0.995700 0.868202 0.984539 0.861031 0.984210 0.860519 0.995371
0 0.107121 0.261113 0.112489 0.258329 0.106903 0.247557 0.101535 0.250340
0 0.817987 0.994996 0.818195 0.984356 0.811895 0.984233 0.811687 0.994873
0 0.240987 0.178982 0.246561 0.175984 0.239397 0.162664 0.233823 0.165662
0 0.130596 0.033664 0.147199 0.025466 0.143483 0.017941 0.126880 0.026138
0 0.075293 0.997423 0.077818 0.973768 0.062702 0.972154 0.060177 0.995809
0 0.200764 0.248964 0.206287 0.245103 0.197199 0.232101 0.191676 0.235961
0 0.088602 0.267527 0.093691 0.265014 0.088807 0.255123 0.083718 0.257636
0 0.869976 0.806297 0.874996 0.788659 0.869797 0.787179 0.864776 0.804818
0 0.524077 0.965700 0.528054 0.945956 0.520375 0.944410 0.516399 0.964153
0 0.105912 0.332961 0.293194 0.227465 0.240488 0.133899 0.053206 0.239395
0 0.527622 0.982514 0.533803 0.946268 0.521910 0.944239 0.515728 0.980485
0 0.141711 0.046232 0.154652 0.040002 0.151534 0.033525 0.138593 0.039755
0 0.127031 0.238603 0.132871 0.234970 0.124254 0.221114 0.118413 0.224747
0 0.924991 0.880780 0.937384 0.835607 0.920905 0.831086 0.908512 0.876259
0 0.141912 0.056981 0.157400 0.048571 0.153377 0.041161 0.137888 0.049571
