0 0.462032 0.069666 0.476127 0.037757 0.464051 0.032423 0.449957 0.064332
0 0.791810 0.080703 0.793043 0.042643 0.774881 0.042054 0.773648 0.080115
0 0.680052 0.058300 0.691221 0.022211 0.676522 0.017662 0.665353 0.053750
0 0.694044 0.387675 0.711498 0.349629 0.697083 0.343016 0.679629 0.381062
0 0.572009 0.242912 0.584917 0.207861 0.572793 0.203396 0.559885 0.238447
0 0.676984 0.382629 0.692545 0.343424 0.676830 0.337186 0.661269 0.376391
0 0.596008 0.516982 0.599636 0.475713 0.583094 0.474259 0.579466 0.515528
0 0.818339 0.241693 0.836978 0.198817 0.823487 0.192952 0.804848 0.235828
0 0.350593 0.245872 0.356088 0.212464 0.346096 0.210821 0.340601 0.244229
0 0.746158 0.449219 0.756986 0.410286 0.743758 0.406607 0.732930 0.445540
0 0.560827 0.236686 0.570972 0.201024 0.558164 0.197380 0.548018 0.233042
0 0.367890 0.047022 0.385643 0.009583 0.371212 0.002740 0.353459 0.040179
0 0.730862 0.279454 0.756530 0.240961 0.744732 0.233094 0.719065 0.271587
0 0.541023 0.618945 0.552369 0.588637 0.539237 0.583721 0.527892 0.614029
0 0.492566 0.503041 0.515807 0.467711 0.502125 0.458711 0.478884 0.494040
0 0.343450 0.805765 0.361257 0.763149 0.344567 0.756175 0.326760 0.798791
0 0.755624 0.458644 0.772169 0.421377 0.759115 0.415582 0.742570 0.452849
0 0.898521 0.175204 0.904447 0.142373 0.892268 0.140175 0.886342 0.173005
0 0.827118 0.588444 0.839843 0.547798 0.827009 0.543780 0.814284 0.584426
0 0.592584 0.717852 0.608186 0.716102 0.602288 0.663517 0.586686 0.665267
0 0.606476 0.034909 0.612109 0.003185 0.600708 0.001160 0.595075 0.032884
0 0.026887 0.088807 0.032270 0.062397 0.023105 0.060528 0.017721 0.086939
0 0.824111 0.384726 0.858660 0.357844 0.847246 0.343175 0.812698 0.370057
0 0.717593 0.275570 0.730754 0.220455 0.715566 0.216829 0.702405 0.271943
0 0.721150 0.273659 0.742462 0.232943 0.731519 0.227216 0.710208 0.267931
0 0.693424 0.075683 0.714365 0.033122 0.699626 0.025870 0.678684 0.068430
0 0.255056 1.000000 0.264912 0.968041 0.255875 0.965409 0.246019 0.999257
0 0.043135 0.176145 0.053310 0.157174 0.047221 0.153908 0.037047 0.172880
0 0.911280 0.185728 0.929070 0.153812 0.917558 0.147395 0.899767 0.179311
0 0.123799 0.219526 0.130155 0.181530 0.118715 0.179616 0.112359 0.217613
0 0.964354 0.727382 0.983384 0.689209 0.971176 0.683123 0.952146 0.721296
0 0.599218 0.165980 0.623510 0.138997 0.614312 0.130716 0.590019 0.157699
0 0.925715 0.464604 0.941711 0.421698 0.928187 0.416656 0.912191 0.459561
0 0.525103 0.098341 0.535304 0.074335 0.527836 0.071161 0.517635 0.095168
0 0.616936 0.310092 0.650114 0.269364 0.638135 0.259606 0.604958 0.300334
0 0.529807 0.104295 0.544158 0.077268 0.536713 0.073315 0.522362 0.100342
0 0.651223 0.835202 0.651357 0.824865 0.599824 0.824197 0.599690 0.834534
0 0.203559 0.253044 0.206228 0.219305 0.193885 0.218328 0.191216 0.252067
0 0.142659 0.062898 0.149096 0.047010 0.143390 0.044699 0.136953 0.060586
0 0.328197 0.797104 0.338329 0.754615 0.320178 0.750287 0.310046 0.792776
0 0.906235 0.456316 0.923596 0.414791 0.907361 0.408003 0.889999 0.449529
0 0.036932 0.094666 0.042606 0.067813 0.032242 0.065623 0.026568 0.092476
0 0.840435 0.247309 0.861050 0.209202 0.850093 0.203275 0.829478 0.241382
0 0.489165 0.490517 0.492366 0.453270 0.476633 0.451918 0.473432 0.489165
0 0.267014 1.000000 0.273099 0.982554 0.263476 0.979625 0.257392 0.999613
0 0.903085 0.854956 0.917060 0.794630 0.898943 0.790433 0.884967 0.850759
0 0.296984 0.290088 0.300076 0.259565 0.287144 0.258255 0.284053 0.288778
0 0.611374 0.301138 0.634916 0.258404 0.623212 0.251956 0.599670 0.294690
0 0.917266 0.851767 0.936235 0.808508 0.918767 0.800848 0.899797 0.844107
0 0.149199 0.071077 0.158012 0.053617 0.152049 0.050607 0.143236 0.068068
0 0.527269 0.104710 0.541200 0.076463 0.532628 0.072235 0.518696 0.100481
0 0.328170 0.484037 0.337373 0.448588 0.321509 0.444470 0.312306 0.479919
0 0.849815 0.665275 0.867564 0.624493 0.856091 0.619500 0.838342 0.660281
0 0.366885 0.687766 0.374515 0.642379 0.361578 0.640204 0.353948 0.685591
0 0.810889 0.382516 0.823225 0.328134 0.805933 0.324211 0.793597 0.378593
0 0.144443 0.064178 0.151058 0.049089 0.145318 0.046572 0.138703 0.061661
0 0.204227 0.144545 0.203397 0.117164 0.193673 0.117458 0.194502 0.144840
0 0.586554 0.830364 0.590876 0.815290 0.584516 0.813466 0.580194 0.828540
0 0.007023 0.927245 0.015092 0.888173 0.001780 0.885424 0.000000 0.924496
0 0.602602 0.719974 0.646511 0.689569 0.636635 0.675307 0.592726 0.705712
0 0.108916 0.676435 0.118108 0.640027 0.106609 0.637123 0.097417 0.673531
0 0.146039 0.066343 0.153023 0.050425 0.147310 0.047919 0.140327 0.063837
0 0.763127 0.943537 0.778197 0.903585 0.764853 0.898551 0.749782 0.938502
0 0.902061 0.317852 0.913431 0.278428 0.900480 0.274693 0.889110 0.314117
0 0.977570 0.733091 0.997691 0.694938 0.985113 0.688304 0.964992 0.726458
0 0.783226 0.995312 0.783695 0.981552 0.775905 0.981286 0.775436 0.995046
0 0.580506 0.828749 0.584466 0.812267 0.577394 0.810568 0.573434 0.827050
0 0.473853 0.782737 0.499867 0.737585 0.487351 0.730374 0.461337 0.775526
0 0.524125 0.096800 0.533329 0.072348 0.525763 0.069499 0.516558 0.093952
0 0.995778 0.538618 1.000000 0.493652 0.995760 0.489046 0.981378 0.534012
0 0.113329 0.676852 0.121828 0.641685 0.112020 0.639314 0.103521 0.674481
0 0.139241 0.061201 0.145745 0.045467 0.139939 0.043068 0.133436 0.058802
0 0.980822 0.267836 0.999251 0.216741 0.981565 0.210361 0.963135 0.261456
0 0.011484 0.711442 0.011728 0.683855 0.000000 0.683744 0.000000 0.711331
0 0.811051 0.575737 0.823603 0.545606 0.809431 0.539703 0.796879 0.569834
0 0.753648 0.937372 0.757430 0.865351 0.737074 0.864282 0.733292 0.936303
0 0.773927 0.995601 0.774283 0.982262 0.766161 0.982045 0.765805 0.995383
0 0.301230 0.900794 0.318343 0.900624 0.317635 0.829623 0.300522 0.829793
0 0.130249 0.223621 0.139879 0.187927 0.130005 0.185264 0.120376 0.220958
0 0.216572 0.879849 0.230287 0.836745 0.212588 0.831113 0.198873 0.874218
0 0.704903 0.997905 0.705063 0.984830 0.697003 0.984731 0.696844 0.997806
0 0.942040 0.907997 0.955477 0.905624 0.947257 0.859086 0.933821 0.861459
0 0.715252 0.995872 0.715730 0.985213 0.707192 0.984830 0.706714 0.995489
0 0.764415 0.995232 0.764964 0.982156 0.757284 0.981833 0.756734 0.994910
0 0.797394 0.995991 0.797592 0.981776 0.789679 0.981665 0.789481 0.995880
