0 0.659290 0.528655 0.673903 0.517063 0.644387 0.479855 0.629774 0.491447
0 0.541495 0.398268 0.553659 0.388726 0.529541 0.357981 0.517377 0.367523
0 0.654658 0.261693 0.694399 0.229961 0.682747 0.215368 0.643006 0.247100
0 0.489270 0.425769 0.506224 0.417004 0.486111 0.378100 0.469157 0.386865
0 0.702124 0.354787 0.748856 0.329739 0.738759 0.310902 0.692027 0.335949
0 0.512026 0.415807 0.528491 0.406174 0.502383 0.361551 0.485918 0.371184
0 0.685760 0.316323 0.728277 0.287384 0.717582 0.271671 0.675066 0.300610
0 0.673371 0.275193 0.712014 0.251066 0.702255 0.235435 0.663612 0.259561
0 0.734466 0.411499 0.770764 0.387535 0.760499 0.371987 0.724201 0.395951
0 0.590837 0.386406 0.609010 0.380704 0.592711 0.328751 0.574538 0.334453
0 0.677349 0.297664 0.722249 0.270851 0.712062 0.253792 0.667162 0.280605
0 0.698954 0.329844 0.736938 0.306050 0.727150 0.290423 0.689165 0.314217
0 0.460362 0.430817 0.474321 0.422826 0.456384 0.391493 0.442424 0.399485
0 0.608982 0.483678 0.622787 0.480504 0.615195 0.447481 0.601389 0.450655
0 0.569985 0.378639 0.584971 0.372331 0.569006 0.334401 0.554020 0.340708
0 0.602994 0.432345 0.618036 0.427259 0.607249 0.395352 0.592207 0.400438
0 0.535622 0.556553 0.548418 0.548638 0.534073 0.525449 0.521277 0.533364
0 0.534388 0.498781 0.544455 0.493205 0.532379 0.471401 0.522312 0.476976
0 0.570921 0.225942 0.582818 0.220897 0.568997 0.188303 0.557100 0.193348
0 0.496138 0.575642 0.505965 0.570226 0.492514 0.545817 0.482687 0.551232
0 0.490302 0.581877 0.499383 0.576488 0.485824 0.553641 0.476743 0.559030
0 0.519346 0.505382 0.531936 0.498709 0.520086 0.476352 0.507496 0.483025
0 0.630029 0.566564 0.641345 0.561789 0.629395 0.533467 0.618078 0.538242
0 0.546492 0.471770 0.557323 0.466027 0.546361 0.445351 0.535530 0.451094
0 0.443599 0.606467 0.452889 0.599590 0.438116 0.579634 0.428827 0.586511
0 0.395950 0.576671 0.408777 0.567537 0.387614 0.537818 0.374787 0.546951
0 0.460535 0.536721 0.467573 0.529898 0.452631 0.514486 0.445593 0.521310
0 0.388391 0.504002 0.400753 0.495417 0.383918 0.471176 0.371557 0.479760
0 0.539579 0.624922 0.546728 0.619904 0.534555 0.602558 0.527405 0.607576
0 0.642244 0.839080 0.775710 0.746572 0.754203 0.715542 0.620736 0.808050
0 0.419595 0.462234 0.432306 0.458791 0.424576 0.430251 0.411864 0.433695
0 0.434682 0.615779 0.444814 0.607310 0.428707 0.588040 0.418575 0.596509
0 0.688841 0.738951 0.704636 0.732716 0.690890 0.697890 0.675094 0.704124
0 0.496428 0.249722 0.525381 0.243683 0.502419 0.133603 0.473466 0.139643
0 0.548421 0.625384 0.555998 0.619412 0.533523 0.590891 0.525945 0.596862
0 0.360054 0.627386 0.365304 0.616617 0.336822 0.602731 0.331572 0.613500
0 0.528502 0.222288 0.540642 0.218644 0.532752 0.192357 0.520612 0.196000
0 0.666311 0.752991 0.678477 0.742580 0.654264 0.714284 0.642098 0.724695
0 0.388334 0.582846 0.400971 0.575012 0.379921 0.541059 0.367285 0.548893
0 0.552555 0.468944 0.562744 0.463941 0.553023 0.444145 0.542834 0.449148
0 0.683584 0.471137 0.673612 0.448836 0.663537 0.453341 0.673509 0.475642
0 0.620478 0.410500 0.629127 0.406282 0.620451 0.388488 0.611802 0.392706
