0 0.016663 0.247799 0.026278 0.247372 0.024993 0.218423 0.015378 0.218850
0 0.181820 0.264902 0.192627 0.263802 0.189392 0.232016 0.178585 0.233116
0 0.468660 0.710316 0.478553 0.705715 0.465708 0.678096 0.455814 0.682697
0 0.040966 0.510968 0.052968 0.505034 0.032743 0.464128 0.020741 0.470062
0 1.000000 0.674074 1.000000 0.632155 0.987795 0.631994 0.987285 0.673913
0 0.007745 0.674717 0.017272 0.673632 0.013394 0.639597 0.003867 0.640683
0 0.783120 0.995135 0.783616 0.981677 0.775994 0.981396 0.775499 0.994854
0 0.449744 0.380401 0.462988 0.375907 0.449652 0.336608 0.436408 0.341102
0 0.350749 0.172274 0.362190 0.167405 0.349588 0.137795 0.338147 0.142665
0 0.773728 0.995022 0.774061 0.982148 0.766243 0.981945 0.765910 0.994819
0 0.310766 0.892539 0.325292 0.891017 0.321107 0.851063 0.306580 0.852585
0 0.845101 0.476614 0.845129 0.468264 0.768900 0.468006 0.768871 0.476356
0 0.764301 0.994952 0.764822 0.982014 0.757344 0.981713 0.756822 0.994651
0 0.056617 0.913534 0.056460 0.904470 0.005804 0.905348 0.005961 0.914412
0 0.758938 0.413810 0.758945 0.404937 0.684898 0.404880 0.684891 0.413754
0 0.592140 0.767941 0.601331 0.756824 0.569579 0.730575 0.560388 0.741691
0 0.797123 0.995559 0.797466 0.981846 0.789862 0.981656 0.789520 0.995369
0 0.514276 0.251541 0.514190 0.240647 0.439951 0.241237 0.440038 0.252132
0 0.649343 0.239657 0.649346 0.228605 0.576527 0.228589 0.576525 0.239641
0 0.759323 0.413059 0.759273 0.405007 0.708880 0.405318 0.708930 0.413370
0 0.357804 0.790651 0.368557 0.784044 0.350407 0.754507 0.339655 0.761114
0 0.005841 0.126614 0.006123 0.116010 0.000000 0.115837 0.000000 0.126442
0 0.012443 0.591128 0.017297 0.589845 0.012761 0.572684 0.007908 0.573967
0 0.931025 0.638961 0.930925 0.627607 0.852087 0.628300 0.852187 0.639654
0 0.337877 0.172931 0.343010 0.160575 0.314161 0.148590 0.309028 0.160946
0 0.466369 1.000000 0.477369 0.993772 0.453200 0.960017 0.442200 0.967893
0 0.101849 0.171058 0.114872 0.167788 0.106258 0.133485 0.093236 0.136755
0 0.601060 0.944788 0.610591 0.938010 0.590231 0.909378 0.580700 0.916156
0 0.651265 0.238694 0.651402 0.229810 0.600383 0.229021 0.600246 0.237905
0 0.834860 0.729456 0.848511 0.726423 0.839981 0.688025 0.826330 0.691058
0 0.755671 0.995269 0.756107 0.982042 0.747688 0.981764 0.747252 0.994991
0 0.704911 0.997859 0.705090 0.984893 0.697001 0.984781 0.696823 0.997748
0 0.835438 0.995417 0.835549 0.985378 0.829227 0.985308 0.829116 0.995347
0 0.715427 0.995669 0.715885 0.985102 0.707244 0.984728 0.706786 0.995295
0 0.851296 0.994901 0.851619 0.982300 0.846491 0.982168 0.846167 0.994769
0 0.818086 0.994808 0.818324 0.984490 0.811661 0.984336 0.811423 0.994655
0 0.349239 0.338422 0.362452 0.328824 0.335637 0.291908 0.322423 0.301506
0 0.075455 0.840414 0.075469 0.828779 0.012470 0.828701 0.012455 0.840336
0 0.687187 0.578331 0.698627 0.575028 0.692518 0.553871 0.681078 0.557175
0 0.727781 0.997597 0.728005 0.984628 0.718000 0.984455 0.717776 0.997424
0 0.745980 0.995783 0.747345 0.982769 0.735427 0.981519 0.734063 0.994534
0 0.133283 0.051449 0.146708 0.044180 0.127183 0.008117 0.113758 0.015386
0 0.016974 0.600468 0.021171 0.599654 0.018931 0.588104 0.014733 0.588919
0 0.858535 0.994520 0.859148 0.982904 0.853951 0.982630 0.853338 0.994245
