0 0.654385 0.974685 0.694501 0.942572 0.682864 0.928034 0.642747 0.960147
0 0.671109 0.983514 0.711387 0.965187 0.704527 0.950110 0.664249 0.968437
0 0.027571 0.643694 0.044437 0.621601 0.013280 0.597816 0.000000 0.619909
0 0.570443 0.937958 0.582160 0.933171 0.568443 0.899600 0.556726 0.904387
0 0.783539 0.995743 0.783885 0.981342 0.775917 0.981151 0.775571 0.995552
0 0.493058 0.964679 0.527643 0.957495 0.504440 0.845797 0.469855 0.852981
0 0.715058 0.996846 0.715018 0.983725 0.707085 0.983749 0.707125 0.996870
0 0.773675 0.994648 0.774014 0.981130 0.765739 0.980922 0.765400 0.994440
0 0.796676 0.994543 0.797372 0.980829 0.790148 0.980461 0.789451 0.994176
0 0.764573 0.994888 0.764918 0.981338 0.757159 0.981140 0.756814 0.994690
0 0.705249 0.997542 0.704905 0.984128 0.696922 0.984332 0.697266 0.997746
0 0.728760 0.998702 0.729157 0.983494 0.720300 0.983264 0.719904 0.998472
