0 0.616451 0.408924 0.632728 0.390255 0.623858 0.382521 0.607581 0.401190
0 0.443481 0.848291 0.477953 0.805020 0.462407 0.792635 0.427935 0.835905
0 0.574800 0.355145 0.587497 0.331636 0.577872 0.326438 0.565175 0.349946
0 0.476095 0.506722 0.480364 0.484084 0.469775 0.482087 0.465506 0.504725
0 0.401825 0.911818 0.432177 0.877447 0.418474 0.865347 0.388122 0.899718
0 0.451577 0.563602 0.466663 0.548425 0.459659 0.541463 0.444573 0.556640
0 0.501393 0.899306 0.529148 0.871534 0.518152 0.860545 0.490397 0.888317
0 0.431872 0.667232 0.443512 0.645606 0.433553 0.640246 0.421914 0.661871
0 0.546460 0.350893 0.563163 0.332137 0.555022 0.324887 0.538319 0.343644
0 0.474530 0.480914 0.484128 0.463165 0.475960 0.458749 0.466363 0.476497
0 0.653171 0.447677 0.673898 0.434562 0.667283 0.424107 0.646555 0.437221
0 0.510710 0.713803 0.541351 0.683599 0.531293 0.673395 0.500652 0.703599
0 0.577371 0.447385 0.583232 0.426902 0.573955 0.424248 0.568094 0.444730
0 0.537477 0.751238 0.561721 0.730074 0.552713 0.719755 0.528469 0.740920
0 0.395279 0.462638 0.411267 0.448519 0.404760 0.441151 0.388772 0.455270
0 0.591686 0.494944 0.599305 0.474854 0.590549 0.471534 0.582931 0.491624
0 0.410953 0.525705 0.424095 0.506212 0.415088 0.500139 0.401945 0.519632
0 0.475929 0.297018 0.484049 0.273100 0.473590 0.269550 0.465470 0.293467
0 0.510094 0.352740 0.514577 0.326332 0.503382 0.324432 0.498899 0.350840
0 0.419843 0.616800 0.440037 0.604241 0.434214 0.594879 0.414021 0.607439
0 0.634599 0.634101 0.668156 0.608472 0.657969 0.595135 0.624412 0.620763
0 0.548986 0.288755 0.569049 0.273892 0.562260 0.264727 0.542196 0.279590
0 0.349137 0.724811 0.370820 0.710935 0.364579 0.701183 0.342896 0.715059
0 0.299081 0.763216 0.313747 0.741585 0.304085 0.735034 0.289419 0.756665
0 0.499231 0.491361 0.516343 0.477982 0.510414 0.470397 0.493301 0.483776
0 0.568750 0.811886 0.595249 0.775600 0.582194 0.766067 0.555696 0.802353
0 0.528128 0.432615 0.538243 0.413271 0.529681 0.408793 0.519565 0.428138
0 0.537822 0.572077 0.558992 0.558091 0.552742 0.548631 0.531572 0.562618
0 0.457400 1.000000 0.479626 0.977137 0.468584 0.967339 0.446358 0.992391
0 0.362911 0.690052 0.380255 0.670718 0.371433 0.662804 0.354089 0.682138
0 0.403722 0.561932 0.418534 0.541372 0.409263 0.534693 0.394452 0.555253
0 0.262409 0.669583 0.278515 0.644424 0.268371 0.637931 0.252266 0.663090
0 0.269587 0.728862 0.280826 0.705047 0.270835 0.700331 0.259595 0.724147
0 0.621277 0.753721 0.646725 0.726061 0.635715 0.715932 0.610268 0.743593
0 0.222081 0.716613 0.229564 0.696627 0.219156 0.692730 0.211673 0.712716
0 0.644105 0.528339 0.650007 0.509277 0.640915 0.506461 0.635012 0.525524
0 0.377166 0.533186 0.381827 0.508357 0.371347 0.506389 0.366685 0.531218
0 0.304086 0.678519 0.313891 0.655190 0.304021 0.651042 0.294216 0.674371
0 0.380444 0.638402 0.384165 0.613437 0.372855 0.611751 0.369134 0.636716
0 0.599620 0.688190 0.621508 0.665269 0.611855 0.656050 0.589966 0.678971
0 0.611562 0.849125 0.628419 0.825512 0.617592 0.817782 0.600735 0.841396
0 0.119308 0.802249 0.147750 0.770619 0.134689 0.758875 0.106248 0.790505
0 0.501246 0.412693 0.507526 0.392230 0.498837 0.389563 0.492557 0.410027
0 0.442781 0.762854 0.469153 0.729961 0.456444 0.719771 0.430072 0.752664
0 0.338712 0.970100 0.363978 0.945154 0.353500 0.934541 0.328234 0.959487
0 0.436263 0.950029 0.454731 0.927494 0.443811 0.918545 0.425343 0.941080
0 0.448268 0.434059 0.450900 0.412597 0.442133 0.411521 0.439501 0.432984
0 0.567915 0.851549 0.588779 0.821295 0.577370 0.813426 0.556505 0.843680
0 0.710085 0.458217 0.732676 0.448026 0.727584 0.436740 0.704994 0.446931
0 0.693665 0.512260 0.707458 0.495079 0.699275 0.488510 0.685482 0.505691
0 0.684151 0.695164 0.710289 0.664256 0.698388 0.654191 0.672250 0.685100
0 0.364239 1.000000 0.385635 0.995241 0.376763 0.982281 0.355367 0.996926
0 0.237470 0.917923 0.278646 0.890702 0.268715 0.875680 0.227539 0.902901
0 0.760805 0.353483 0.776365 0.325509 0.763857 0.318551 0.748297 0.346526
0 0.254752 0.979116 0.285345 0.950002 0.273554 0.937612 0.242961 0.966726
0 0.726291 0.861943 0.737368 0.845817 0.730494 0.841096 0.719417 0.857221
0 0.725722 0.630755 0.752609 0.593899 0.738516 0.583618 0.711629 0.620473
0 0.197296 0.980969 0.227797 0.938933 0.211843 0.927356 0.181342 0.969392
