0 0.039805 0.102722 0.039748 0.093820 0.006221 0.094034 0.006277 0.102936
0 0.753667 0.915227 0.753752 0.907136 0.694368 0.906509 0.694282 0.914599
0 0.572655 0.130674 0.572894 0.118382 0.492840 0.116822 0.492601 0.129114
0 0.783139 0.995175 0.783682 0.981851 0.776116 0.981542 0.775573 0.994867
0 0.736574 0.915239 0.736552 0.906556 0.669756 0.906723 0.669778 0.915407
0 0.214915 0.631109 0.215117 0.618278 0.133136 0.616988 0.132935 0.629819
0 0.998244 0.765897 0.998417 0.756428 0.944112 0.755436 0.943939 0.764904
0 0.773712 0.994971 0.774055 0.982350 0.766158 0.982135 0.765815 0.994756
0 0.216697 0.766357 0.216836 0.756620 0.146837 0.755618 0.146698 0.765356
0 0.631702 0.303086 0.631613 0.293006 0.569746 0.293556 0.569836 0.303637
0 0.796869 0.995229 0.797252 0.982003 0.790082 0.981795 0.789699 0.995022
0 0.998768 0.502774 0.998645 0.493102 0.963514 0.493549 0.963637 0.503221
0 0.822319 0.703722 0.822310 0.694205 0.754030 0.694270 0.754039 0.703786
0 0.759979 0.442152 0.760182 0.431341 0.680054 0.429835 0.679850 0.440647
0 0.593685 0.479952 0.593670 0.467947 0.511090 0.468051 0.511105 0.480056
0 0.406766 0.755282 0.406944 0.744030 0.336895 0.742924 0.336718 0.754176
0 0.764303 0.994919 0.764805 0.982198 0.757309 0.981902 0.756807 0.994624
0 0.850838 0.994924 0.851263 0.982608 0.846620 0.982447 0.846194 0.994764
0 0.422609 0.403479 0.422598 0.392996 0.348811 0.393075 0.348822 0.403558
0 0.618455 0.303369 0.618317 0.292284 0.548373 0.293154 0.548511 0.304239
0 0.185124 0.965129 0.185021 0.956060 0.147492 0.956486 0.147595 0.965554
0 0.715659 0.995491 0.716174 0.985247 0.707361 0.984804 0.706845 0.995047
0 0.835106 0.995121 0.835298 0.985525 0.829363 0.985407 0.829172 0.995003
0 0.858205 0.994537 0.858897 0.983079 0.854188 0.982794 0.853496 0.994253
0 0.606360 0.817583 0.606630 0.806640 0.530017 0.804751 0.529748 0.815694
0 0.867058 0.995185 0.867589 0.984816 0.861283 0.984494 0.860752 0.994863
0 0.817896 0.994842 0.818115 0.984552 0.811926 0.984421 0.811708 0.994711
0 0.727941 0.997401 0.728167 0.984667 0.717874 0.984485 0.717649 0.997219
0 0.746476 0.995655 0.747666 0.982892 0.735141 0.981724 0.733950 0.994487
0 0.804880 0.994826 0.804828 0.982783 0.799536 0.982805 0.799587 0.994849
0 0.886619 0.995130 0.886689 0.984870 0.879339 0.984821 0.879269 0.995080
0 0.036820 0.753094 0.036722 0.744117 0.002812 0.744488 0.002911 0.753465
0 0.913980 0.995309 0.914296 0.984410 0.906969 0.984198 0.906653 0.995097
0 0.704777 0.997565 0.704940 0.984923 0.697017 0.984821 0.696855 0.997464
0 0.808237 0.994886 0.808213 0.983515 0.802824 0.983526 0.802848 0.994897
