0 0.736344 0.754990 0.790026 0.739060 0.785293 0.723110 0.731611 0.739041
0 0.763994 0.872586 0.797013 0.863672 0.793737 0.851535 0.760718 0.860449
0 0.755475 0.855584 0.786629 0.845040 0.782867 0.833923 0.751713 0.844466
0 0.767484 0.887592 0.798212 0.879160 0.795266 0.868422 0.764538 0.876855
0 0.777981 0.945439 0.811171 0.936575 0.807743 0.923738 0.774553 0.932602
0 0.775380 0.783328 0.785653 0.780150 0.776862 0.751737 0.766588 0.754915
0 0.723186 0.798639 0.735672 0.795739 0.727243 0.759437 0.714756 0.762336
0 0.804364 0.738554 0.844240 0.726448 0.840101 0.712814 0.800225 0.724920
0 0.864325 0.721415 0.902514 0.711643 0.899308 0.699112 0.861118 0.708884
0 0.760406 0.786975 0.771129 0.783671 0.762087 0.754326 0.751364 0.757631
0 0.886043 0.747003 0.894828 0.744234 0.887548 0.721143 0.878763 0.723913
0 0.739598 0.796127 0.750347 0.793710 0.743214 0.761984 0.732465 0.764401
0 0.871892 0.760505 0.882505 0.757672 0.874809 0.728835 0.864196 0.731668
0 0.775502 0.908778 0.806816 0.898163 0.803053 0.887063 0.771739 0.897677
0 0.733615 0.803725 0.957512 0.740602 0.942005 0.685598 0.718108 0.748722
0 0.790039 0.829577 0.816583 0.817321 0.812101 0.807615 0.785557 0.819871
0 0.858912 0.762325 0.869185 0.759126 0.861008 0.732868 0.850735 0.736068
0 0.805320 0.864271 0.827995 0.856334 0.824707 0.846940 0.802032 0.854877
0 0.573675 0.676346 0.585937 0.638475 0.571693 0.633863 0.559431 0.671734
0 0.754464 0.841022 0.785922 0.829033 0.781171 0.816567 0.749714 0.828556
0 0.818986 0.915631 0.828136 0.912936 0.820857 0.888224 0.811707 0.890920
0 0.914005 0.739932 0.921891 0.738164 0.917062 0.716625 0.909177 0.718393
0 0.512826 0.851592 0.523950 0.814272 0.508718 0.809732 0.497594 0.847052
0 0.898744 0.743912 0.906444 0.741069 0.899424 0.722060 0.891724 0.724903
0 0.796611 0.838615 0.819032 0.829215 0.815145 0.819943 0.792724 0.829343
0 0.909469 0.812002 0.912285 0.803736 0.888278 0.795557 0.885462 0.803822
0 0.924205 0.734934 0.931413 0.732971 0.926669 0.715554 0.919462 0.717517
0 0.782485 0.943203 0.848749 0.923507 0.815649 0.812147 0.749385 0.831843
0 0.907167 0.711781 0.953349 0.701685 0.950998 0.690934 0.904817 0.701030
0 0.810686 0.775145 0.820459 0.772147 0.813269 0.748709 0.803497 0.751707
0 0.807333 0.875905 0.829278 0.868254 0.826097 0.859131 0.804153 0.866782
0 0.914364 0.800624 0.918352 0.791187 0.895025 0.781328 0.891037 0.790765
0 0.828457 0.760200 0.837777 0.757835 0.832158 0.735688 0.822838 0.738053
0 0.783667 0.995571 0.784025 0.981765 0.775601 0.981547 0.775242 0.995353
0 0.833836 0.093815 0.842774 0.083198 0.815625 0.060345 0.806688 0.070962
0 0.774016 0.995517 0.774443 0.981735 0.766189 0.981479 0.765762 0.995262
0 0.794136 0.772445 0.803659 0.770041 0.797566 0.745903 0.788043 0.748307
0 0.929151 0.766192 0.933472 0.750194 0.926749 0.748378 0.922428 0.764377
0 0.053186 0.978858 0.057233 0.965460 0.012079 0.951821 0.008032 0.965219
0 0.764530 0.995439 0.765153 0.981979 0.757174 0.981610 0.756551 0.995070
0 0.901928 0.426478 0.956199 0.380752 0.945840 0.368457 0.891569 0.414183
0 0.914279 0.843184 0.970953 0.713504 0.934460 0.697555 0.877786 0.827235
0 0.623390 0.862191 0.628353 0.833229 0.615789 0.831076 0.610825 0.860038
0 0.155152 1.000000 0.155274 0.992663 0.139510 0.992420 0.139389 1.000000
0 0.794083 0.981536 0.829319 0.977042 0.828096 0.967455 0.792860 0.971949
0 0.999385 0.484028 1.000000 0.470627 0.962030 0.459481 0.958386 0.472882
0 0.755594 0.995527 0.756054 0.981798 0.747008 0.981494 0.746547 0.995223
0 0.567131 0.496806 0.573760 0.470005 0.562795 0.467293 0.556166 0.494094
0 0.859110 0.994845 0.859498 0.981833 0.853542 0.981655 0.853154 0.994667
0 0.851879 0.996043 0.851830 0.981896 0.844901 0.981920 0.844950 0.996068
0 0.103864 1.000000 0.111922 0.971865 0.001201 0.950884 0.000000 0.993408
0 0.811131 0.999815 0.832459 0.994159 0.828725 0.980077 0.807397 0.985734
0 0.868371 0.995660 0.868673 0.984242 0.860638 0.984030 0.860337 0.995448
0 0.798780 0.997663 0.798547 0.980578 0.788667 0.980713 0.788900 0.997798
