0 0.796113 0.567049 0.796318 0.556282 0.717202 0.554775 0.716997 0.565542
0 0.791772 0.666578 0.791853 0.656014 0.711837 0.655393 0.711755 0.665958
0 0.543216 0.539598 0.543147 0.531520 0.504351 0.531854 0.504421 0.539932
0 0.846283 0.366274 0.846234 0.354891 0.771510 0.355215 0.771560 0.366598
0 0.957144 0.678552 0.957133 0.667677 0.880191 0.667759 0.880202 0.678634
0 0.219296 0.941847 0.219299 0.930642 0.136203 0.930621 0.136200 0.941826
0 0.223966 0.827985 0.224042 0.819847 0.145583 0.819107 0.145506 0.827244
0 0.393525 0.178191 0.393404 0.167753 0.319296 0.168613 0.319417 0.179052
0 0.240399 0.091387 0.240494 0.081282 0.158323 0.080513 0.158228 0.090618
0 0.990344 0.415533 0.990356 0.406072 0.937693 0.406007 0.937681 0.415468
0 0.356850 0.965742 0.357052 0.957531 0.293079 0.955957 0.292877 0.964168
0 0.384595 0.827804 0.384610 0.817153 0.308470 0.817043 0.308455 0.827694
0 0.996883 0.165723 0.996890 0.155709 0.928814 0.155656 0.928806 0.165670
0 0.225061 0.602352 0.225024 0.594319 0.169100 0.594574 0.169137 0.602607
0 0.626453 0.764461 0.626288 0.757119 0.573987 0.758290 0.574151 0.765632
0 0.999445 0.515281 0.999337 0.505438 0.947496 0.506009 0.947605 0.515852
0 0.237549 0.282064 0.236260 0.260069 0.230133 0.260428 0.231422 0.282423
0 0.654720 0.303975 0.654614 0.292538 0.577172 0.293253 0.577278 0.304691
0 0.977637 0.929358 0.977760 0.918835 0.929460 0.918271 0.929338 0.928794
0 0.782974 0.995240 0.783516 0.981925 0.775970 0.981617 0.775428 0.994932
0 0.999860 0.927837 0.999942 0.919854 0.976236 0.919609 0.976154 0.927592
0 0.510457 0.539805 0.510359 0.530987 0.460493 0.531542 0.460592 0.540360
0 0.851078 0.994948 0.851468 0.982467 0.846572 0.982314 0.846182 0.994795
0 0.835371 0.995373 0.835523 0.985439 0.829292 0.985344 0.829140 0.995278
0 0.692367 0.836494 0.693748 0.826270 0.689279 0.825666 0.687898 0.835891
0 0.222506 0.341175 0.222564 0.331435 0.140995 0.330946 0.140937 0.340687
0 0.773697 0.995170 0.774154 0.982758 0.766224 0.982466 0.765767 0.994878
0 0.858326 0.994544 0.859019 0.982937 0.854120 0.982644 0.853426 0.994251
0 0.608949 0.141138 0.609093 0.132483 0.539927 0.131330 0.539782 0.139985
0 0.797215 0.995739 0.797589 0.982298 0.789809 0.982081 0.789435 0.995523
0 0.867170 0.995252 0.867702 0.984739 0.861240 0.984411 0.860707 0.994924
0 0.075326 0.997499 0.077146 0.974611 0.061975 0.973405 0.060155 0.996293
0 0.886419 0.995370 0.886483 0.984609 0.879563 0.984569 0.879500 0.995329
0 0.021446 0.713827 0.021264 0.706684 0.000913 0.707202 0.001095 0.714344
0 0.764468 0.995017 0.765063 0.982527 0.757226 0.982154 0.756631 0.994644
0 0.818160 0.994813 0.818387 0.984481 0.811268 0.984325 0.811041 0.994657
0 0.715290 0.995558 0.715761 0.985263 0.707449 0.984882 0.706978 0.995178
0 0.114533 0.035289 0.115434 0.018814 0.110264 0.018531 0.109363 0.035006
0 0.745735 0.995517 0.746743 0.982882 0.735171 0.981959 0.734163 0.994594
0 0.869372 0.995051 0.869713 0.984677 0.863012 0.984457 0.862671 0.994831
