0 0.545698 0.533467 0.555857 0.490977 0.541939 0.487649 0.531780 0.530139
0 0.108952 0.241663 0.127659 0.198794 0.113789 0.192741 0.095083 0.235610
0 0.082956 0.080767 0.083983 0.043341 0.066262 0.042855 0.065236 0.080281
0 0.022303 0.278759 0.047692 0.241694 0.035332 0.233228 0.009944 0.270293
0 0.898176 0.595454 0.913869 0.567971 0.903556 0.562082 0.887863 0.589565
0 0.749436 0.802830 0.759240 0.768508 0.747565 0.765173 0.737761 0.799496
0 0.036474 0.451019 0.047620 0.411001 0.034548 0.407360 0.023402 0.447378
0 0.789256 0.877967 0.797158 0.849888 0.786139 0.846788 0.778237 0.874866
0 0.188552 0.175391 0.195408 0.142760 0.183425 0.140242 0.176569 0.172873
0 0.871962 0.055465 0.892005 0.019323 0.875981 0.010437 0.855938 0.046578
0 0.549922 0.339219 0.572088 0.289491 0.554253 0.281540 0.532086 0.331269
0 0.046027 0.459660 0.063554 0.420940 0.050199 0.414895 0.032673 0.453615
0 0.757481 0.806525 0.774737 0.779532 0.764749 0.773147 0.747493 0.800140
0 0.116798 0.588939 0.130704 0.548556 0.117838 0.544126 0.103932 0.584508
0 0.506897 0.030851 0.516723 0.000395 0.502644 0.000000 0.492818 0.026309
0 0.802412 0.881774 0.811694 0.854591 0.801076 0.850965 0.791794 0.878148
0 0.890839 0.586253 0.900469 0.563228 0.890939 0.559242 0.881309 0.582267
0 0.114108 0.386376 0.148775 0.357711 0.136219 0.342526 0.101552 0.371192
0 0.783139 0.995229 0.783614 0.981479 0.776117 0.981220 0.775642 0.994970
0 0.486997 0.019413 0.489190 0.000000 0.475382 0.000000 0.473188 0.017866
0 0.930561 0.675129 0.930913 0.638533 0.919330 0.638422 0.918979 0.675018
0 0.773762 0.995210 0.774061 0.981811 0.766303 0.981638 0.766004 0.995037
0 0.850843 0.994796 0.851202 0.982117 0.846459 0.981983 0.846100 0.994662
0 0.216219 0.464461 0.232576 0.421520 0.219299 0.416462 0.202941 0.459403
0 0.016861 0.266104 0.018967 0.218944 0.002375 0.218204 0.000269 0.265363
0 0.194784 0.458788 0.214750 0.415012 0.199416 0.408018 0.179450 0.451795
0 0.949585 0.766570 0.976404 0.744541 0.968858 0.735354 0.942039 0.757383
0 0.202307 0.185513 0.219527 0.153722 0.207851 0.147398 0.190632 0.179189
0 0.731238 0.711789 0.736876 0.681869 0.725406 0.679708 0.719768 0.709627
0 0.764154 0.995064 0.764655 0.981885 0.757307 0.981605 0.756805 0.994784
0 0.517719 0.839529 0.525891 0.805869 0.515311 0.803301 0.507140 0.836961
0 0.858197 0.994716 0.859033 0.982574 0.854378 0.982253 0.853541 0.994395
0 0.739254 0.085315 0.758183 0.037792 0.745761 0.032844 0.726833 0.080367
0 0.526686 0.842720 0.537910 0.813194 0.527621 0.809283 0.516398 0.838809
0 0.835154 0.995053 0.835192 0.985022 0.829351 0.985000 0.829313 0.995030
0 0.131070 0.247533 0.151952 0.209214 0.141141 0.203323 0.120259 0.241641
0 0.866576 0.995530 0.867131 0.984644 0.861333 0.984348 0.860777 0.995234
0 0.589305 0.803232 0.588939 0.771325 0.578621 0.771443 0.578987 0.803350
0 0.796704 0.995272 0.797016 0.981758 0.789960 0.981595 0.789648 0.995109
0 0.704890 0.997879 0.705048 0.984869 0.697277 0.984775 0.697119 0.997784
0 0.374390 0.315033 0.392678 0.266048 0.375814 0.259752 0.357527 0.308738
0 0.956791 0.235621 0.984762 0.200559 0.975115 0.192863 0.947143 0.227925
0 0.914132 0.995423 0.914397 0.984298 0.907094 0.984124 0.906828 0.995249
0 0.104099 0.377838 0.113674 0.327943 0.094196 0.324205 0.084621 0.374100
0 0.779795 0.306063 0.800736 0.266379 0.787382 0.259333 0.766441 0.299016
0 0.791630 0.316809 0.817237 0.278344 0.804151 0.269633 0.778544 0.308098
0 0.817815 0.994905 0.818002 0.984338 0.812267 0.984236 0.812080 0.994803
0 0.886151 0.995648 0.886194 0.984784 0.880168 0.984760 0.880125 0.995624
0 0.285913 0.539133 0.299881 0.497243 0.285589 0.492478 0.271621 0.534368
0 0.951364 0.752554 0.954519 0.730020 0.944628 0.728635 0.941473 0.751169
0 0.715337 0.995550 0.715606 0.985102 0.707220 0.984887 0.706951 0.995334
0 0.344654 0.168231 0.354134 0.126069 0.342261 0.123399 0.332781 0.165562
0 0.253687 0.730645 0.274616 0.688681 0.261798 0.682288 0.240869 0.724252
0 0.949454 0.227596 0.971046 0.194725 0.961320 0.188336 0.939729 0.221207
0 0.923603 0.995634 0.923819 0.984436 0.916408 0.984294 0.916193 0.995492
0 0.974965 0.535208 0.996515 0.501939 0.988348 0.496649 0.966798 0.529917
0 0.929939 0.873907 0.951458 0.868401 0.949367 0.860229 0.927848 0.865735
0 0.099615 0.576167 0.119053 0.546726 0.106969 0.538748 0.087531 0.568188
0 0.755513 0.995446 0.755920 0.981900 0.747685 0.981652 0.747277 0.995199
0 0.731687 0.071778 0.746976 0.033481 0.736426 0.029269 0.721138 0.067567
0 0.965113 0.533300 0.988439 0.495649 0.979942 0.490385 0.956616 0.528037
0 0.826822 0.995073 0.826877 0.984786 0.821709 0.984759 0.821654 0.995046
0 0.915857 0.869002 0.925612 0.851233 0.918218 0.847174 0.908463 0.864943
0 0.750425 0.085428 0.775346 0.042864 0.762461 0.035320 0.737540 0.077884
0 0.192632 0.315085 0.204428 0.279206 0.191942 0.275101 0.180146 0.310980
0 0.017613 0.267608 0.025242 0.224975 0.013608 0.222893 0.005979 0.265526
0 0.141178 0.665781 0.158580 0.623767 0.146346 0.618700 0.128945 0.660715
0 0.740665 0.721889 0.755337 0.694387 0.746234 0.689531 0.731562 0.717033
0 0.694616 0.995800 0.694862 0.984826 0.688836 0.984691 0.688589 0.995665
0 0.874601 0.363093 0.893421 0.321795 0.879337 0.315377 0.860517 0.356675
0 0.270092 0.267459 0.292248 0.216854 0.274542 0.209102 0.252386 0.259707
0 0.974181 0.997735 0.975361 0.985349 0.966995 0.984552 0.965816 0.996939
0 0.869177 0.995332 0.869702 0.985162 0.864031 0.984870 0.863506 0.995039
0 0.016253 0.269026 0.031633 0.231674 0.019820 0.226810 0.004440 0.264162
0 0.629018 0.527850 0.645760 0.476385 0.633989 0.472556 0.617247 0.524021
0 0.288019 0.260825 0.312159 0.226757 0.297918 0.216666 0.273778 0.250734
0 0.637214 0.529417 0.661535 0.480983 0.652725 0.476560 0.628404 0.524993
0 0.808253 0.995484 0.808339 0.983257 0.802985 0.983219 0.802899 0.995446
0 0.295128 1.000000 0.296707 0.975637 0.273274 0.974207 0.271694 1.000000
0 0.727084 0.997479 0.727217 0.984517 0.718095 0.984424 0.717962 0.997386
0 0.805137 0.995082 0.804938 0.982445 0.799458 0.982531 0.799657 0.995169
0 0.951087 0.237160 0.979630 0.199839 0.970156 0.192593 0.941612 0.229913
0 0.745807 0.995936 0.747221 0.982885 0.735505 0.981616 0.734091 0.994667
0 0.207453 0.856191 0.227536 0.807024 0.209540 0.799674 0.189457 0.848840
0 0.353259 0.159579 0.381575 0.138737 0.372677 0.126647 0.344361 0.147489
0 0.194012 0.855032 0.206681 0.794828 0.188109 0.790920 0.175440 0.851124
0 0.964484 0.996119 0.965416 0.985066 0.956698 0.984331 0.955766 0.995384
0 0.809746 0.994339 0.809847 0.983629 0.804443 0.983579 0.804343 0.994289
0 0.824343 0.994979 0.824319 0.984566 0.818868 0.984578 0.818891 0.994991
0 0.986706 0.996346 0.987785 0.984771 0.979531 0.984002 0.978452 0.995577
0 0.827254 0.812929 0.841699 0.793706 0.833427 0.787490 0.818982 0.806714
0 0.825600 0.965309 0.836627 0.948622 0.830820 0.944784 0.819793 0.961471
0 0.932223 0.994940 0.932306 0.983976 0.926630 0.983934 0.926547 0.994897
0 0.852821 0.995156 0.853164 0.983167 0.848753 0.983041 0.848410 0.995029
0 0.941161 0.674843 0.953758 0.646043 0.943973 0.641763 0.931376 0.670563
0 0.829729 0.193461 0.844975 0.155683 0.832704 0.150730 0.817458 0.188508
0 0.950976 0.995702 0.951581 0.984502 0.944134 0.984100 0.943529 0.995300
0 0.264927 0.739670 0.288526 0.693842 0.275657 0.687215 0.252058 0.733043
0 0.369216 0.816280 0.369770 0.786315 0.358548 0.786108 0.357994 0.816072
