0 0.330110 0.938739 0.330136 0.928252 0.261669 0.928085 0.261643 0.938571
0 0.625520 0.319472 0.668938 0.306610 0.664506 0.291652 0.621089 0.304514
0 0.974801 0.313170 0.974841 0.305669 0.910574 0.305326 0.910534 0.312826
0 0.804920 0.465007 0.804967 0.454627 0.729478 0.454288 0.729432 0.464668
0 0.133394 0.876036 0.133401 0.868016 0.091861 0.867982 0.091854 0.876002
0 0.990474 0.188808 0.990518 0.179723 0.950998 0.179530 0.950954 0.188615
0 0.106949 0.496252 0.129496 0.483255 0.124805 0.475117 0.102258 0.488114
0 0.040272 0.578326 0.069209 0.558596 0.060601 0.545971 0.031664 0.565701
0 0.191538 0.896861 0.191667 0.883773 0.154939 0.883410 0.154810 0.896499
0 0.855129 0.214199 0.879687 0.210349 0.878439 0.202387 0.853881 0.206237
0 0.783041 0.995071 0.783650 0.981600 0.776118 0.981260 0.775509 0.994731
0 0.977264 0.639654 0.977382 0.629514 0.893367 0.628531 0.893249 0.638671
0 0.344507 0.176517 0.344348 0.165621 0.268299 0.166731 0.268457 0.177627
0 0.887376 0.186873 0.892598 0.181876 0.876213 0.164753 0.870991 0.169750
0 0.079824 0.379470 0.104799 0.361757 0.099042 0.353640 0.074067 0.371353
0 0.855025 0.224100 0.878885 0.218323 0.877165 0.211216 0.853304 0.216994
0 0.773687 0.994925 0.774060 0.982042 0.766290 0.981817 0.765917 0.994701
0 0.546806 0.913911 0.546762 0.905038 0.472492 0.905408 0.472536 0.914281
0 0.797043 0.995320 0.797420 0.981590 0.790024 0.981386 0.789647 0.995117
0 0.285136 0.819193 0.288273 0.804321 0.254420 0.797179 0.251283 0.812051
0 0.408865 0.983843 0.449725 0.978203 0.447696 0.963504 0.406836 0.969144
0 0.133427 0.226862 0.133518 0.217341 0.056458 0.216600 0.056367 0.226121
0 0.855900 0.227009 0.880016 0.219548 0.877724 0.212140 0.853608 0.219602
0 0.764289 0.994885 0.764786 0.981973 0.757405 0.981689 0.756908 0.994601
0 0.616138 0.801431 0.616071 0.791510 0.549520 0.791962 0.549587 0.801883
0 0.835317 0.995347 0.835477 0.985198 0.829198 0.985099 0.829037 0.995247
