0 0.550817 0.182035 0.559992 0.180192 0.553845 0.149588 0.544670 0.151431
0 0.681835 0.091230 0.697925 0.086438 0.681930 0.032729 0.665841 0.037520
0 0.622475 0.967634 0.622665 0.958515 0.537825 0.956755 0.537636 0.965874
0 0.954439 0.390447 0.967228 0.387364 0.959452 0.355111 0.946663 0.358195
0 0.743171 0.768064 0.743119 0.755514 0.670057 0.755814 0.670108 0.768365
0 0.969293 0.387650 0.980873 0.384468 0.971771 0.351337 0.960191 0.354519
0 0.408743 0.396433 0.421818 0.389193 0.402499 0.354304 0.389424 0.361544
0 0.559918 0.053745 0.559755 0.043639 0.487346 0.044809 0.487509 0.054915
0 0.932994 0.642205 0.933087 0.633549 0.868449 0.632855 0.868356 0.641511
0 0.788796 0.908146 0.794326 0.864041 0.781647 0.862452 0.776117 0.906556
0 0.247931 0.280021 0.248005 0.269546 0.164791 0.268961 0.164718 0.279436
0 0.484407 0.278890 0.494271 0.275304 0.480408 0.237171 0.470544 0.240757
0 0.701270 0.553729 0.704354 0.510334 0.689719 0.509294 0.686634 0.552689
0 0.629055 0.654616 0.629047 0.644570 0.548030 0.644632 0.548038 0.654678
0 0.974926 0.804326 0.974912 0.795911 0.899527 0.796028 0.899540 0.804443
0 0.858906 0.756338 0.873123 0.706279 0.859184 0.702320 0.844967 0.752379
0 0.032808 0.841768 0.032781 0.833046 0.002839 0.833140 0.002866 0.841863
0 0.658398 0.451705 0.668808 0.449000 0.659554 0.413395 0.649144 0.416101
0 0.197919 0.480146 0.198023 0.469832 0.114416 0.468987 0.114312 0.479301
0 0.852288 0.751199 0.862919 0.733836 0.824734 0.710455 0.814103 0.727818
0 0.728745 0.363531 0.737245 0.351928 0.706410 0.329339 0.697910 0.340943
0 0.807912 0.492150 0.808052 0.483270 0.732465 0.482078 0.732325 0.490958
0 0.404840 0.862273 0.415469 0.856131 0.398408 0.826604 0.387778 0.832747
0 0.225201 0.705000 0.225075 0.692971 0.143360 0.693825 0.143486 0.705854
0 0.851745 0.748506 0.866823 0.714853 0.832148 0.699318 0.817070 0.732972
0 0.127582 0.021269 0.141278 0.011352 0.129835 0.000000 0.116139 0.005467
0 0.938381 0.041786 0.948087 0.028145 0.906431 0.000000 0.896726 0.012148
0 0.412956 0.404701 0.412212 0.390569 0.368466 0.392872 0.369210 0.407004
0 0.783240 0.995319 0.783705 0.981611 0.775825 0.981344 0.775359 0.995052
0 0.849904 0.744446 0.859594 0.704889 0.841806 0.700532 0.832116 0.740089
0 0.294798 0.767662 0.376589 0.767106 0.376500 0.754018 0.294709 0.754574
0 0.858509 0.994821 0.859198 0.982691 0.854065 0.982399 0.853377 0.994530
0 0.851130 0.995004 0.851516 0.982181 0.846478 0.982030 0.846092 0.994852
0 0.566446 0.293205 0.566638 0.282777 0.492229 0.281408 0.492037 0.291835
0 0.706955 0.330558 0.706985 0.320042 0.654353 0.319894 0.654323 0.330409
0 0.579907 0.492321 0.591519 0.490031 0.583569 0.449729 0.571957 0.452019
0 0.774853 0.906953 0.780666 0.863334 0.770687 0.862004 0.764874 0.905623
0 0.774021 0.995479 0.774372 0.982361 0.766096 0.982139 0.765745 0.995257
0 0.912498 0.136875 0.920634 0.127320 0.892107 0.103032 0.883972 0.112588
0 0.867401 0.995530 0.867890 0.984635 0.861044 0.984328 0.860555 0.995223
0 0.337094 0.092669 0.337133 0.082204 0.288973 0.082026 0.288935 0.092491
0 0.974465 0.997416 0.975456 0.985338 0.966724 0.984621 0.965732 0.996699
