0 0.950988 0.261007 0.951065 0.251654 0.911971 0.251335 0.911894 0.260687
0 0.208739 0.431188 0.229786 0.423202 0.226552 0.414678 0.205504 0.422664
0 0.826080 0.386738 0.826422 0.377164 0.785707 0.375710 0.785366 0.385285
0 0.727676 0.173391 0.727663 0.164187 0.655960 0.164289 0.655973 0.173492
0 0.218195 0.711261 0.218283 0.701635 0.145061 0.700967 0.144973 0.710593
0 0.398146 0.323229 0.398149 0.313553 0.328442 0.313532 0.328440 0.323208
0 0.393866 0.523884 0.394099 0.514391 0.325191 0.512694 0.324957 0.522187
0 0.783148 0.995193 0.783687 0.981653 0.775971 0.981345 0.775431 0.994886
0 0.571104 0.049166 0.571057 0.038832 0.490806 0.039194 0.490853 0.049529
0 0.940516 0.522980 0.940540 0.515590 0.884446 0.515402 0.884421 0.522791
0 0.773824 0.995246 0.774201 0.982171 0.766182 0.981939 0.765804 0.995014
0 0.887996 0.895010 0.893380 0.889738 0.877207 0.873222 0.871823 0.878494
0 0.855316 0.933420 0.878511 0.928391 0.877073 0.921760 0.853878 0.926789
0 0.850912 0.994869 0.851304 0.982371 0.846577 0.982223 0.846186 0.994721
0 0.191607 0.409851 0.191634 0.400860 0.153353 0.400746 0.153326 0.409737
0 0.922760 0.261733 0.922869 0.251291 0.864359 0.250678 0.864250 0.261119
0 0.835288 0.995320 0.835409 0.985299 0.829250 0.985225 0.829128 0.995245
0 0.764366 0.995063 0.764950 0.982038 0.757305 0.981696 0.756721 0.994720
0 0.858343 0.994654 0.859049 0.982814 0.854190 0.982525 0.853484 0.994364
0 0.854491 0.924134 0.879147 0.919683 0.877766 0.912029 0.853110 0.916480
0 0.516011 0.247996 0.550047 0.241251 0.547659 0.229204 0.513623 0.235949
0 0.797217 0.995635 0.797601 0.981808 0.789800 0.981591 0.789416 0.995419
0 0.818015 0.994944 0.818268 0.984341 0.811834 0.984187 0.811581 0.994790
0 0.941005 0.440520 0.967588 0.412831 0.956561 0.402244 0.929978 0.429934
0 0.340460 0.886218 0.340308 0.875501 0.265717 0.876565 0.265870 0.887283
0 0.714445 0.724807 0.714504 0.712927 0.640156 0.712559 0.640097 0.724438
0 0.375074 0.623363 0.375071 0.613166 0.310694 0.613180 0.310697 0.623378
