0 0.001521 0.178368 0.212503 0.118871 0.205450 0.093863 0.000000 0.153360
0 0.816783 0.496147 0.839447 0.483195 0.834742 0.474962 0.812078 0.487914
0 0.749285 0.578758 0.778570 0.558546 0.769762 0.545783 0.740476 0.565995
0 0.788262 0.380458 0.814832 0.363765 0.808301 0.353371 0.781731 0.370064
0 0.264096 0.339630 0.264042 0.328382 0.200807 0.328686 0.200861 0.339934
0 0.999223 0.938617 0.999168 0.929509 0.965118 0.929712 0.965172 0.938819
0 0.074477 0.513725 0.118702 0.510894 0.117714 0.495470 0.073490 0.498300
0 0.469498 0.314243 0.469502 0.304696 0.417413 0.304674 0.417409 0.314221
0 0.651979 0.481346 0.675909 0.471645 0.672264 0.462654 0.648334 0.472354
0 0.323337 0.491139 0.323376 0.477417 0.244250 0.477191 0.244211 0.490913
0 0.077889 0.533785 0.121126 0.522804 0.117141 0.507114 0.073903 0.518095
0 0.897028 0.897425 0.897264 0.884235 0.863860 0.883638 0.863625 0.896829
0 0.783112 0.995195 0.783670 0.981628 0.775927 0.981310 0.775369 0.994876
0 0.851043 0.994800 0.851389 0.982426 0.846501 0.982289 0.846155 0.994663
0 0.671267 0.575955 0.692526 0.558419 0.686201 0.550751 0.664942 0.568288
