0 0.958152 0.227812 0.958376 0.220266 0.922500 0.219204 0.922277 0.226751
0 0.841657 0.692133 0.841825 0.680827 0.764642 0.679680 0.764474 0.690986
0 0.592072 0.067423 0.592308 0.056054 0.513287 0.054411 0.513050 0.065780
0 0.379625 0.505279 0.379815 0.494391 0.300079 0.492997 0.299889 0.503886
0 0.965529 0.515723 0.965672 0.505906 0.888522 0.504783 0.888379 0.514600
0 0.918893 0.227296 0.918919 0.219206 0.877695 0.219072 0.877669 0.227162
0 0.802556 0.941758 0.802705 0.931583 0.723662 0.930429 0.723513 0.940604
0 0.653773 0.704082 0.654026 0.694009 0.577677 0.692094 0.577424 0.702168
0 0.648633 0.329027 0.648830 0.318670 0.570701 0.317185 0.570504 0.327542
0 0.408231 0.952773 0.408217 0.942670 0.331176 0.942777 0.331190 0.952880
0 0.842638 0.414373 0.842531 0.406669 0.796724 0.407304 0.796830 0.415008
0 0.566825 0.540974 0.566921 0.530765 0.486141 0.530007 0.486045 0.540216
0 0.225632 0.741122 0.225633 0.730218 0.148663 0.730215 0.148663 0.741119
0 0.339747 0.353978 0.339839 0.342936 0.262789 0.342295 0.262697 0.353336
0 0.801606 0.153468 0.801606 0.142657 0.722686 0.142657 0.722686 0.153467
0 0.359679 0.227303 0.359743 0.219764 0.315263 0.219385 0.315199 0.226923
0 0.355520 0.703470 0.355543 0.693003 0.276105 0.692830 0.276082 0.703298
0 0.325178 0.227173 0.325116 0.218795 0.274466 0.219168 0.274528 0.227547
0 0.821798 0.414918 0.821735 0.405845 0.757211 0.406289 0.757273 0.415362
0 0.994415 0.702686 0.994485 0.694096 0.929242 0.693563 0.929172 0.702152
0 0.238219 0.240946 0.238086 0.229665 0.162889 0.230549 0.163022 0.241830
0 0.850632 0.994951 0.851087 0.982433 0.846632 0.982271 0.846177 0.994789
0 0.981295 0.015364 0.981316 0.004751 0.899325 0.004594 0.899305 0.015207
0 0.757845 0.527917 0.757861 0.518636 0.676987 0.518492 0.676971 0.527773
0 0.783155 0.995168 0.783647 0.981872 0.776140 0.981595 0.775648 0.994891
0 0.858078 0.994719 0.858822 0.982780 0.854289 0.982497 0.853545 0.994436
0 0.185005 0.990462 0.184955 0.980926 0.114401 0.981291 0.114450 0.990827
0 0.866654 0.995451 0.867173 0.984620 0.861318 0.984339 0.860798 0.995170
0 0.187695 0.466209 0.187796 0.456108 0.105956 0.455282 0.105854 0.465383
0 0.167388 0.265597 0.167453 0.256906 0.094022 0.256362 0.093958 0.265053
0 0.796805 0.995237 0.797151 0.982087 0.790093 0.981901 0.789746 0.995051
0 0.834977 0.995046 0.835102 0.985419 0.829418 0.985345 0.829292 0.994973
0 0.773648 0.995039 0.773985 0.982401 0.766208 0.982193 0.765871 0.994831
0 0.886410 0.995269 0.886445 0.984483 0.879904 0.984462 0.879869 0.995248
0 0.715551 0.995570 0.716064 0.985260 0.707367 0.984827 0.706855 0.995138
0 0.869416 0.995043 0.869748 0.984656 0.863681 0.984462 0.863349 0.994849
0 0.817806 0.994891 0.817973 0.984481 0.812181 0.984388 0.812013 0.994798
0 0.764171 0.995009 0.764666 0.982181 0.757332 0.981898 0.756836 0.994726
0 0.728123 0.997993 0.728824 0.983345 0.720088 0.982927 0.719387 0.997575
