0 0.383028 0.806785 0.414997 0.785775 0.356415 0.696637 0.324446 0.717647
0 0.642210 0.334330 0.646626 0.308890 0.598962 0.300616 0.594546 0.326056
0 0.693426 0.151584 0.724558 0.038651 0.658238 0.020369 0.627107 0.133302
0 0.338725 0.885204 0.373696 0.860644 0.284550 0.733710 0.249579 0.758270
0 0.475284 0.710418 0.488866 0.683761 0.449003 0.663452 0.435422 0.690108
0 0.169896 0.974845 0.191258 0.954231 0.141807 0.902989 0.120446 0.923604
0 0.996625 0.131111 1.000000 0.091364 0.939798 0.078264 0.931770 0.118011
0 0.579477 0.667899 0.734340 0.483417 0.685770 0.442645 0.530907 0.627127
0 0.768333 0.787137 0.774122 0.743523 0.664705 0.729000 0.658916 0.772615
0 0.998376 0.387201 1.000000 0.327105 0.952339 0.324258 0.948883 0.384354
0 0.961948 0.055663 0.973143 0.001936 0.948445 0.000000 0.937251 0.050517
0 0.999593 0.292956 0.999131 0.250693 0.976391 0.250942 0.976854 0.293205
0 0.759140 0.921169 0.760701 0.901515 0.703691 0.896986 0.702129 0.916640
0 0.505047 0.641880 0.564018 0.568560 0.546073 0.554127 0.487102 0.627448
0 0.496410 1.000000 0.523225 0.972639 0.485493 0.950822 0.458678 0.997195
0 0.783225 0.995377 0.783859 0.981475 0.775985 0.981116 0.775351 0.995018
0 0.287028 0.888211 0.300134 0.878533 0.241406 0.799005 0.228299 0.808684
0 0.773958 0.995665 0.774490 0.982255 0.766232 0.981927 0.765700 0.995337
0 0.764449 0.995308 0.765112 0.982106 0.757234 0.981710 0.756571 0.994913
0 1.000000 0.192383 1.000000 0.174594 0.981877 0.175592 0.982826 0.193381
0 0.651782 0.158376 0.657587 0.128185 0.589681 0.115129 0.583876 0.145319
0 0.872661 0.633191 0.941031 0.608687 0.926705 0.568718 0.858336 0.593222
0 0.770433 0.709655 0.775674 0.686697 0.731422 0.676593 0.726180 0.699551
0 0.797172 0.995685 0.797562 0.981773 0.789798 0.981555 0.789408 0.995467
