0 0.728414 0.216982 0.740647 0.123515 0.558280 0.099646 0.546047 0.193113
0 0.705454 0.336214 0.718231 0.261631 0.560327 0.234581 0.547550 0.309164
0 0.641479 0.152346 0.646548 0.110143 0.631114 0.108289 0.626045 0.150492
0 0.564755 0.048338 0.570162 0.002702 0.553995 0.000787 0.548589 0.046423
0 0.458787 0.110297 0.461167 0.089733 0.396405 0.082238 0.394025 0.102803
0 0.554801 0.436174 0.561669 0.395731 0.545653 0.393010 0.538784 0.433454
0 0.577336 0.386893 0.581207 0.351791 0.568501 0.350389 0.564629 0.385492
0 0.546781 0.044942 0.552115 0.001112 0.536201 0.000000 0.530867 0.043005
0 0.595132 0.202216 0.600412 0.162314 0.586608 0.160487 0.581328 0.200389
0 0.682704 0.209578 0.686551 0.169493 0.671980 0.168095 0.668133 0.208180
0 0.549994 0.717498 0.552010 0.702887 0.504729 0.696363 0.502713 0.710974
0 0.659539 0.049307 0.662320 0.012652 0.648681 0.011617 0.645900 0.048272
0 0.691712 0.450623 0.702176 0.369338 0.545272 0.349141 0.534808 0.430425
0 0.696516 0.061689 0.700360 0.025436 0.686385 0.023954 0.682541 0.060207
0 0.608071 0.272950 0.612182 0.243183 0.600078 0.241511 0.595967 0.271278
0 0.602218 0.444711 0.607798 0.402189 0.591913 0.400104 0.586333 0.442626
0 0.514172 0.243510 0.519240 0.208584 0.505653 0.206612 0.500585 0.241538
0 0.678472 0.156811 0.684992 0.117577 0.670872 0.115231 0.664352 0.154464
0 0.640332 0.058133 0.643485 0.017231 0.627795 0.016022 0.624643 0.056924
0 0.678764 0.060720 0.685128 0.019506 0.670517 0.017250 0.664154 0.058464
0 0.456584 0.051331 0.459219 0.031904 0.399682 0.023829 0.397047 0.043256
0 0.584410 0.051132 0.589893 0.007881 0.573119 0.005755 0.567636 0.049006
0 0.665079 0.207650 0.669271 0.170743 0.655968 0.169233 0.651776 0.206140
0 0.698172 0.211490 0.703381 0.172977 0.689569 0.171109 0.684361 0.209622
0 0.617607 0.442126 0.623197 0.406328 0.610300 0.404314 0.604709 0.440112
0 0.603422 0.149374 0.608854 0.112742 0.595604 0.110777 0.590172 0.147409
0 0.626597 0.391012 0.629773 0.356405 0.616211 0.355160 0.613035 0.389768
0 0.463288 0.030478 0.466795 0.012735 0.413636 0.002229 0.410130 0.019973
0 0.456794 0.080917 0.459483 0.061471 0.400739 0.053350 0.398050 0.072795
0 0.634338 0.326227 0.641036 0.292714 0.628014 0.290112 0.621317 0.323625
0 0.483196 0.085675 0.488890 0.032715 0.470324 0.030719 0.464629 0.083678
0 0.716145 0.065415 0.721906 0.033008 0.709028 0.030719 0.703267 0.063126
0 0.576885 0.202125 0.582843 0.161926 0.567862 0.159705 0.561903 0.199904
0 0.613443 0.198367 0.617211 0.164603 0.603813 0.163108 0.600046 0.196872
0 0.679197 0.487961 0.681376 0.470767 0.636067 0.465027 0.633889 0.482221
0 0.621532 0.050795 0.625394 0.011674 0.610460 0.010199 0.606599 0.049321
0 0.671991 0.283632 0.675080 0.250813 0.662367 0.249616 0.659278 0.282435
0 0.626781 0.276774 0.631055 0.246435 0.619606 0.244822 0.615332 0.275161
0 0.698641 0.162956 0.703481 0.115870 0.687072 0.114184 0.682232 0.161270
0 0.527071 0.042756 0.534398 0.000000 0.518757 0.000000 0.511430 0.040083
0 0.583866 0.144261 0.587691 0.107201 0.572756 0.105660 0.568931 0.142719
0 0.652014 0.329647 0.657731 0.294250 0.645412 0.292261 0.639696 0.327657
0 0.911344 0.216016 0.924745 0.203609 0.892521 0.168801 0.879119 0.181208
0 0.639154 0.281323 0.644773 0.254680 0.633677 0.252340 0.628058 0.278984
0 0.643415 0.391484 0.647135 0.362732 0.635395 0.361213 0.631676 0.389966
0 0.911029 0.307723 0.923567 0.296792 0.895675 0.264798 0.883137 0.275729
0 0.656861 0.395739 0.660233 0.365887 0.648525 0.364565 0.645153 0.394416
0 0.685100 0.329140 0.689997 0.297371 0.678736 0.295635 0.673839 0.327404
0 0.628147 0.200132 0.632939 0.164520 0.620074 0.162789 0.615282 0.198401
0 0.649982 0.438252 0.655300 0.409348 0.643750 0.407223 0.638432 0.436127
0 0.713864 0.212654 0.719332 0.178008 0.706137 0.175926 0.700670 0.210572
0 0.504961 0.394553 0.506323 0.383963 0.480849 0.380688 0.479488 0.391278
0 0.534757 0.738871 0.537718 0.726597 0.506106 0.718971 0.503145 0.731245
0 0.560287 0.380198 0.562938 0.350592 0.550769 0.349502 0.548118 0.379108
0 0.530219 0.780002 0.535851 0.765027 0.492489 0.748719 0.486857 0.763694
0 0.334664 0.055476 0.336711 0.036511 0.281105 0.030509 0.279058 0.049474
0 0.691167 0.285010 0.695509 0.254581 0.683723 0.252899 0.679381 0.283329
0 0.895217 0.228523 0.907896 0.216487 0.881805 0.189005 0.869127 0.201041
0 0.585145 0.431498 0.588608 0.400592 0.575753 0.399152 0.572289 0.430057
0 0.494881 0.456758 0.496100 0.446067 0.471128 0.443218 0.469908 0.453910
0 0.948572 0.288629 0.960528 0.279862 0.936966 0.247732 0.925011 0.256499
0 0.496066 0.444832 0.497405 0.434428 0.473132 0.431305 0.471793 0.441709
0 0.818187 0.361779 0.831566 0.350736 0.803960 0.317290 0.790581 0.328333
0 0.588815 0.316189 0.593945 0.285143 0.581798 0.283136 0.576668 0.314182
0 0.492318 0.471178 0.493828 0.460802 0.469226 0.457221 0.467716 0.467598
0 0.927396 0.294642 0.939689 0.285192 0.916699 0.255287 0.904406 0.264738
0 0.619728 0.318753 0.624037 0.292387 0.612704 0.290535 0.608395 0.316901
0 0.513538 0.347818 0.515633 0.338105 0.489322 0.332430 0.487227 0.342143
0 0.490082 0.496987 0.491901 0.486020 0.464900 0.481539 0.463080 0.492506
0 0.318240 0.025907 0.319608 0.012682 0.283086 0.008905 0.281718 0.022131
0 0.492596 0.484165 0.494161 0.472913 0.466593 0.469078 0.465028 0.480329
0 0.504684 0.421124 0.506026 0.409666 0.476641 0.406224 0.475299 0.417682
0 0.704122 0.282160 0.708862 0.256965 0.698150 0.254949 0.693410 0.280145
0 0.521472 0.284949 0.522819 0.273073 0.495358 0.269958 0.494011 0.281834
0 0.669521 0.529006 0.673903 0.501357 0.662393 0.499532 0.658010 0.527181
0 0.307548 0.080434 0.309979 0.063629 0.263407 0.056894 0.260977 0.073700
0 0.563278 0.132245 0.565656 0.106617 0.554757 0.105606 0.552380 0.131234
0 0.516569 0.335311 0.518439 0.324261 0.492327 0.319843 0.490457 0.330894
0 0.487243 0.506892 0.488456 0.497371 0.463622 0.494208 0.462409 0.503730
0 0.515642 0.296382 0.517379 0.286359 0.493878 0.282285 0.492141 0.292309
0 0.523396 0.260026 0.525510 0.248061 0.499344 0.243438 0.497230 0.255403
0 0.489642 0.518975 0.529484 0.223929 0.488163 0.218350 0.448321 0.513395
0 0.699059 0.329740 0.701358 0.305603 0.690940 0.304610 0.688641 0.328747
0 0.324592 0.066302 0.329685 0.001728 0.263231 0.000000 0.258138 0.061061
0 0.505110 0.381984 0.506162 0.371031 0.481357 0.368647 0.480304 0.379600
0 0.516448 0.359125 0.517944 0.348830 0.491243 0.344951 0.489747 0.355246
0 0.636932 0.436609 0.641198 0.409436 0.630602 0.407773 0.626336 0.434945
0 0.999823 0.258905 0.999132 0.244170 0.967494 0.245655 0.968186 0.260390
0 0.605548 0.856843 0.609733 0.846535 0.583087 0.835717 0.578902 0.846025
0 0.636218 0.777496 0.640511 0.767792 0.615827 0.756872 0.611534 0.766575
0 0.555998 0.191324 0.559925 0.165164 0.547799 0.163344 0.543873 0.189504
0 0.656431 0.140487 0.661157 0.118519 0.650897 0.116311 0.646171 0.138280
0 0.609574 0.846158 0.613664 0.835993 0.589063 0.826093 0.584973 0.836258
0 0.329690 0.009185 0.330060 0.000000 0.285405 0.000000 0.285035 0.007473
0 0.613003 0.835755 0.617122 0.825573 0.592485 0.815608 0.588366 0.825790
0 0.683312 0.433664 0.685765 0.412792 0.676853 0.411745 0.674400 0.432616
0 0.817888 0.707206 0.838397 0.681293 0.822895 0.669024 0.802386 0.694937
0 0.258628 0.054752 0.264643 0.026163 0.253013 0.023716 0.246998 0.052305
0 0.912737 0.164688 0.923241 0.154053 0.901179 0.132261 0.890674 0.142896
0 0.559969 0.153391 0.562420 0.134677 0.553082 0.133455 0.550632 0.152169
0 0.524237 0.753751 0.526772 0.741554 0.498423 0.735663 0.495889 0.747859
0 0.733862 0.069430 0.740938 0.005958 0.455986 0.000000 0.448911 0.037665
0 0.644029 0.766020 0.647648 0.756050 0.620894 0.746338 0.617275 0.756307
0 0.595589 0.888733 0.600459 0.877029 0.571961 0.865170 0.567091 0.876875
0 0.615655 0.824072 0.619563 0.814245 0.596882 0.805225 0.592974 0.815053
0 0.659723 0.716550 0.664037 0.705947 0.639400 0.695923 0.635086 0.706526
0 0.673349 0.547600 0.684222 0.485041 0.623711 0.474524 0.612837 0.537083
0 0.654234 0.726787 0.658321 0.717075 0.634353 0.706990 0.630267 0.716703
0 0.899172 0.314768 0.909628 0.306064 0.888471 0.280648 0.878015 0.289351
0 0.485750 0.656244 0.485700 0.645723 0.464679 0.645823 0.464729 0.656344
0 0.728728 0.067292 0.731007 0.049029 0.721933 0.047897 0.719654 0.066159
0 0.632376 0.785793 0.636302 0.776989 0.613915 0.767004 0.609988 0.775808
0 0.509997 0.007063 0.510650 0.000000 0.496909 0.000000 0.496256 0.005882
0 0.462048 0.096461 0.480073 0.000000 0.408421 0.000000 0.390396 0.084108
0 0.432491 0.811401 0.435863 0.799221 0.412569 0.792772 0.409197 0.804953
0 0.650414 0.737197 0.654381 0.727404 0.628614 0.716965 0.624647 0.726759
0 0.429351 0.825453 0.431877 0.814599 0.409849 0.809472 0.407323 0.820326
0 0.647288 0.756403 0.650316 0.746629 0.622983 0.738161 0.619955 0.747935
0 0.937723 0.537313 0.940151 0.527171 0.920903 0.522563 0.918475 0.532705
0 0.766380 0.700795 0.769609 0.692988 0.755436 0.687127 0.752207 0.694933
0 0.549828 0.690505 0.551338 0.680406 0.530554 0.677297 0.529044 0.687397
0 0.450041 0.648985 0.469105 0.643903 0.466429 0.633862 0.447364 0.638944
