0 0.762439 0.942064 0.806950 0.884208 0.786568 0.868527 0.742057 0.926383
0 0.775816 0.706054 0.784962 0.656672 0.764396 0.652863 0.755250 0.702245
0 0.605252 0.263489 0.614995 0.244772 0.570083 0.221394 0.560340 0.240112
0 0.948555 0.464302 0.962370 0.452438 0.929373 0.414012 0.915558 0.425876
0 0.810299 0.579890 0.810442 0.570750 0.771448 0.570141 0.771305 0.579281
0 0.963524 0.454084 0.989556 0.428183 0.962881 0.401373 0.936849 0.427273
0 0.707038 0.427945 0.740163 0.408381 0.732152 0.394817 0.699027 0.414381
0 0.909838 0.931524 0.919037 0.922717 0.898333 0.901091 0.889134 0.909897
0 0.159182 0.008351 0.161395 0.001859 0.147410 0.000000 0.145197 0.003582
0 0.255281 0.077068 0.264266 0.061710 0.237489 0.046043 0.228503 0.061402
0 0.697384 0.485347 0.733419 0.482547 0.732275 0.467831 0.696240 0.470631
0 0.911176 0.590301 0.925014 0.582394 0.902774 0.543467 0.888936 0.551373
0 1.000000 0.547349 1.000000 0.528483 0.992018 0.528494 0.992044 0.547360
0 0.783442 0.995314 0.783911 0.981381 0.775967 0.981114 0.775498 0.995046
0 0.304321 0.366756 0.304365 0.358282 0.261207 0.358058 0.261163 0.366532
0 0.660309 0.458492 0.664166 0.441059 0.655491 0.439140 0.651634 0.456573
0 0.381415 0.228978 0.411862 0.192540 0.397319 0.180387 0.366871 0.216825
0 1.000000 0.869901 1.000000 0.849391 0.988572 0.849439 0.988651 0.869949
0 0.400747 0.460969 0.428032 0.436447 0.418819 0.426197 0.391534 0.450719
0 0.835406 0.995317 0.835512 0.985113 0.829165 0.985047 0.829059 0.995252
0 0.858815 0.994787 0.859404 0.982555 0.853941 0.982292 0.853351 0.994523
0 0.851410 0.994899 0.851671 0.982183 0.846348 0.982074 0.846087 0.994790
0 0.797277 0.995524 0.797533 0.981511 0.789727 0.981369 0.789472 0.995382
0 0.867858 0.995640 0.868289 0.984543 0.860905 0.984256 0.860474 0.995353
0 0.818008 0.994980 0.818171 0.984357 0.811933 0.984261 0.811770 0.994885
0 0.773930 0.995341 0.774218 0.982085 0.766084 0.981908 0.765796 0.995164
0 0.439574 0.631456 0.472850 0.602985 0.461945 0.590240 0.428669 0.618711
