0 0.731328 0.531067 0.734270 0.489999 0.720564 0.489017 0.717621 0.530085
0 0.629264 0.509557 0.635088 0.480483 0.624935 0.478449 0.619111 0.507524
0 0.614379 0.504016 0.621008 0.475492 0.610584 0.473070 0.603956 0.501594
0 0.602933 0.500873 0.610064 0.470970 0.598856 0.468298 0.591725 0.498201
0 0.998955 0.379755 1.000000 0.363475 0.966461 0.352677 0.961738 0.368957
0 0.743030 0.569664 0.749167 0.488663 0.666698 0.482415 0.660561 0.563415
0 0.745473 0.566294 0.748389 0.540647 0.738643 0.539539 0.735727 0.565186
0 0.751273 0.526085 0.750971 0.498273 0.740321 0.498389 0.740623 0.526201
0 0.806855 0.513064 0.816944 0.511052 0.811308 0.482787 0.801218 0.484800
0 0.854231 0.481042 0.864621 0.478567 0.857449 0.448457 0.847058 0.450933
0 0.641248 0.518583 0.649127 0.487309 0.639391 0.484856 0.631512 0.516130
0 0.576443 0.492822 0.583141 0.466092 0.572450 0.463413 0.565752 0.490143
0 0.451911 0.339532 0.456716 0.323655 0.409065 0.309233 0.404259 0.325111
0 0.775168 0.300438 0.777439 0.282221 0.737397 0.277229 0.735125 0.295446
0 0.703197 0.560734 0.705296 0.542045 0.697739 0.541197 0.695640 0.559885
0 0.631689 0.546570 0.631623 0.534964 0.606181 0.535109 0.606247 0.546715
0 0.692735 0.561947 0.695107 0.540359 0.686430 0.539406 0.684058 0.560994
0 0.643209 0.588344 0.642716 0.577760 0.618951 0.578868 0.619444 0.589452
0 0.526846 0.481681 0.534391 0.453195 0.523559 0.450326 0.516014 0.478811
0 0.607463 0.269941 0.608902 0.253679 0.570112 0.250246 0.568673 0.266509
0 0.659279 0.523982 0.671982 0.474709 0.498147 0.429892 0.485444 0.479165
0 0.730017 0.564645 0.732279 0.542797 0.723809 0.541920 0.721547 0.563769
0 0.689132 0.526825 0.695204 0.496728 0.684785 0.494626 0.678713 0.524722
0 0.816618 0.566206 0.825898 0.564389 0.821339 0.541099 0.812059 0.542915
0 0.994143 0.534392 1.000000 0.522192 0.965943 0.461253 0.949347 0.473452
0 0.092949 0.291158 0.102982 0.283571 0.085899 0.260983 0.075866 0.268570
0 0.632571 0.612331 0.635159 0.602380 0.612847 0.596578 0.610259 0.606529
0 0.798064 0.482961 0.805130 0.481733 0.801422 0.460399 0.794356 0.461626
0 0.631763 0.579091 0.640758 0.565770 0.627352 0.556718 0.618357 0.570039
0 0.853716 0.636090 0.872802 0.632084 0.835698 0.455332 0.816613 0.459338
0 0.656500 0.589493 0.668552 0.587674 0.667253 0.579068 0.655200 0.580888
0 0.603989 0.610036 0.609232 0.597169 0.602480 0.594418 0.597237 0.607285
0 0.687172 0.565655 0.709513 0.485717 0.507032 0.429129 0.484691 0.509066
0 0.520347 0.438225 0.523132 0.427514 0.496830 0.420675 0.494045 0.431387
0 0.257283 0.363785 0.261782 0.351448 0.236560 0.342250 0.232062 0.354587
0 0.688043 0.613422 0.703972 0.471737 0.515545 0.450554 0.499617 0.592239
0 0.957607 0.487302 0.963262 0.483332 0.954117 0.470306 0.948462 0.474276
