0 0.701445 0.819137 0.714770 0.810199 0.685540 0.766622 0.672215 0.775560
0 0.808032 0.900750 0.819565 0.893025 0.795570 0.857204 0.784037 0.864929
0 0.677432 0.824163 0.688764 0.816491 0.664201 0.780213 0.652869 0.787885
0 0.849353 0.737077 0.882032 0.721099 0.876766 0.710329 0.844087 0.726307
0 0.757084 0.869873 0.785410 0.849762 0.778549 0.840099 0.750223 0.860209
0 0.244206 0.918552 0.261694 0.887637 0.250074 0.881064 0.232586 0.911979
0 0.716924 0.801052 0.727211 0.794761 0.709018 0.765014 0.698732 0.771304
0 0.725088 0.948770 0.739039 0.940424 0.710825 0.893260 0.696873 0.901606
0 0.748067 0.937803 0.761733 0.929081 0.739004 0.893468 0.725337 0.902190
0 0.839789 0.705547 0.862994 0.696317 0.859919 0.688588 0.836714 0.697818
0 0.782820 0.902214 0.790723 0.896588 0.775572 0.875304 0.767669 0.880930
0 0.720212 0.894731 0.752712 0.871055 0.745746 0.861493 0.713246 0.885170
0 0.674027 0.855727 0.684114 0.849508 0.665277 0.818953 0.655190 0.825173
0 0.653679 0.700682 0.661203 0.675126 0.649803 0.671770 0.642279 0.697326
0 0.406234 0.861744 0.409494 0.831287 0.398238 0.830082 0.394978 0.860540
0 0.019172 0.379694 0.025468 0.347014 0.014570 0.344915 0.008274 0.377594
0 0.330187 0.989954 0.339380 0.958003 0.328592 0.954899 0.319399 0.986850
0 0.839091 0.718036 0.865721 0.705742 0.861969 0.697615 0.835339 0.709909
0 0.427545 0.687148 0.435924 0.678581 0.411280 0.654480 0.402901 0.663048
0 0.153406 0.982383 0.180283 0.973133 0.176692 0.962700 0.149815 0.971949
0 0.296771 0.575605 0.311344 0.572617 0.301869 0.526414 0.287296 0.529402
0 0.159897 0.130620 0.186039 0.128845 0.178528 0.018232 0.152386 0.020008
0 0.090144 0.755292 0.131588 0.747251 0.128420 0.730925 0.086976 0.738966
0 0.267332 0.798884 0.274143 0.761606 0.262490 0.759477 0.255679 0.796755
0 0.716828 0.582165 0.895909 0.468457 0.873450 0.433085 0.694369 0.546793
0 0.408783 0.586510 0.425305 0.584418 0.419274 0.536781 0.402752 0.538873
0 0.270415 0.365503 0.279664 0.351685 0.242966 0.327120 0.233717 0.340938
0 0.769104 0.912834 0.778521 0.906789 0.761847 0.880816 0.752430 0.886861
0 0.108537 0.649303 0.113555 0.608061 0.099910 0.606401 0.094892 0.647643
0 0.502794 0.293730 0.556872 0.149798 0.530236 0.139790 0.476158 0.283723
0 0.552867 0.688620 0.560217 0.667972 0.551624 0.664914 0.544275 0.685562
0 0.742573 0.944532 0.835937 0.881578 0.802551 0.832065 0.709187 0.895019
0 0.258658 0.371168 0.266654 0.359175 0.238865 0.340648 0.230869 0.352641
0 0.563542 0.751611 0.572842 0.743979 0.551016 0.717383 0.541716 0.725015
0 0.346230 0.417167 0.354925 0.407306 0.333086 0.388050 0.324391 0.397911
0 0.756077 0.823595 0.762482 0.819319 0.752147 0.803838 0.745742 0.808113
0 0.623492 0.507348 0.810111 0.346071 0.786647 0.318919 0.600027 0.480196
0 0.653646 0.818449 0.660482 0.813483 0.648348 0.796779 0.641512 0.801745
0 0.813591 0.971189 0.824409 0.965327 0.809500 0.937814 0.798682 0.943675
0 0.773758 0.995534 0.774173 0.981893 0.766733 0.981666 0.766318 0.995308
0 0.059835 0.848457 0.102832 0.845086 0.101533 0.828519 0.058536 0.831890
0 0.745021 0.832189 0.750785 0.828623 0.742275 0.814868 0.736511 0.818434
0 0.783126 0.995321 0.783530 0.981349 0.776166 0.981136 0.775762 0.995108
0 0.194726 0.474047 0.210347 0.469818 0.197563 0.422602 0.181942 0.426832
0 0.704778 0.997958 0.704920 0.984998 0.697436 0.984916 0.697293 0.997875
0 0.764058 0.995314 0.764644 0.982042 0.757502 0.981727 0.756917 0.994999
0 0.684531 0.858606 0.786662 0.787721 0.742783 0.724500 0.640652 0.795385
0 0.997752 0.611815 1.000000 0.604828 0.994695 0.578871 0.982670 0.585859
0 0.796638 0.995243 0.797117 0.981478 0.790030 0.981232 0.789551 0.994996
0 0.505051 0.500443 0.505916 0.485032 0.497790 0.484575 0.496924 0.499986
0 0.694689 0.995625 0.694919 0.985069 0.689022 0.984940 0.688792 0.995496
0 0.755529 0.995507 0.755925 0.982019 0.747819 0.981781 0.747423 0.995269
0 0.715189 0.995640 0.715616 0.985351 0.707340 0.985007 0.706912 0.995296
0 0.996967 0.636011 1.000000 0.627637 0.983410 0.610332 0.976373 0.618707
0 0.817716 0.994914 0.817939 0.984496 0.812338 0.984376 0.812115 0.994794
0 0.074590 0.996884 0.076640 0.974640 0.062830 0.973368 0.060780 0.995611
0 0.737571 0.789506 0.745841 0.788811 0.744264 0.770038 0.735994 0.770733
0 0.877485 0.689494 0.903272 0.684260 0.901429 0.675178 0.875642 0.680411
0 0.835298 0.995309 0.835439 0.985209 0.829432 0.985125 0.829291 0.995225
0 0.005553 0.818222 0.005933 0.803880 0.000000 0.803714 0.000000 0.818057
0 0.720397 0.758941 0.730132 0.757980 0.727235 0.728624 0.717500 0.729585
0 0.851127 0.994879 0.851379 0.981459 0.846274 0.981363 0.846021 0.994784
0 0.826860 0.995194 0.827016 0.984990 0.821838 0.984911 0.821681 0.995114
0 0.728333 0.998395 0.729066 0.983804 0.721369 0.983417 0.720636 0.998009
0 0.745513 0.995718 0.746738 0.983064 0.735556 0.981982 0.734331 0.994635
0 0.804997 0.995083 0.804854 0.982389 0.799460 0.982450 0.799603 0.995144
0 0.808178 0.995528 0.808357 0.983259 0.803086 0.983182 0.802907 0.995451
0 0.858277 0.994772 0.859159 0.982247 0.854187 0.981897 0.853305 0.994422
0 0.720666 0.762267 0.730650 0.761143 0.729414 0.750165 0.719431 0.751289
0 0.727110 0.997620 0.727132 0.984875 0.718213 0.984860 0.718192 0.997605
0 0.093864 0.990868 0.094732 0.974233 0.083206 0.973632 0.082338 0.990266
0 0.824453 0.995183 0.824476 0.984604 0.818850 0.984592 0.818827 0.995171
