0 0.328483 0.835690 0.338578 0.799603 0.323249 0.795315 0.313154 0.831403
0 0.206111 0.400771 0.256786 0.193820 0.204297 0.180968 0.153622 0.387919
0 0.479452 0.390025 0.508950 0.234440 0.477079 0.228398 0.447581 0.383982
0 0.388321 0.394575 0.408884 0.251313 0.383444 0.247661 0.362881 0.390924
0 0.252084 0.838585 0.265584 0.808625 0.254003 0.803407 0.240502 0.833366
0 0.190243 0.055737 0.227241 0.046999 0.223514 0.031218 0.186516 0.039955
0 0.603414 0.933011 0.603141 0.922753 0.581292 0.923334 0.581565 0.933592
0 0.603018 0.924107 0.602443 0.911856 0.577685 0.913017 0.578260 0.925268
0 0.370231 0.818424 0.370537 0.794404 0.360244 0.794273 0.359938 0.818292
0 0.830684 0.260103 0.838034 0.213487 0.819152 0.210510 0.811803 0.257127
0 0.848589 0.164426 0.850714 0.154759 0.832568 0.150769 0.830443 0.160436
0 0.862599 0.097856 0.864374 0.087310 0.845362 0.084110 0.843587 0.094656
0 0.350101 0.086525 0.400118 0.071465 0.394517 0.052863 0.344500 0.067923
0 0.109351 0.948078 0.123375 0.918068 0.111262 0.912408 0.097238 0.942417
0 0.152787 0.055649 0.157773 0.044437 0.132438 0.033170 0.127452 0.044381
0 0.491527 0.099110 0.494059 0.093145 0.480300 0.087302 0.477767 0.093267
0 0.098592 0.941148 0.112071 0.905252 0.099045 0.900361 0.085566 0.936257
