0 0.111466 0.452967 0.201009 0.273286 0.112683 0.229270 0.023141 0.408951
0 0.291669 0.552285 0.388176 0.364504 0.305143 0.321830 0.208636 0.509612
0 0.290225 0.437912 0.296451 0.425807 0.262378 0.408282 0.256152 0.420386
0 0.328186 0.480234 0.334925 0.468316 0.304264 0.450979 0.297525 0.462897
0 0.351046 0.448430 0.357967 0.435634 0.322630 0.416523 0.315710 0.429318
0 0.281686 0.455733 0.287538 0.444080 0.254793 0.427634 0.248940 0.439287
0 0.297618 0.420149 0.304267 0.408119 0.272305 0.390454 0.265656 0.402484
0 0.263316 0.489711 0.268326 0.478790 0.239665 0.465640 0.234654 0.476561
0 0.255755 0.507462 0.261134 0.496488 0.232524 0.482466 0.227146 0.493440
0 0.335414 0.462951 0.341966 0.451171 0.309196 0.432947 0.302645 0.444727
0 0.355586 0.429398 0.362112 0.416514 0.326829 0.398642 0.320302 0.411527
0 0.274488 0.473649 0.279816 0.462093 0.247706 0.447288 0.242378 0.458844
0 0.290141 0.547799 0.294802 0.536918 0.266628 0.524847 0.261967 0.535729
0 0.317965 0.388292 0.324067 0.377392 0.295112 0.361182 0.289010 0.372083
0 0.299935 0.529311 0.305445 0.518831 0.278247 0.504531 0.272737 0.515010
0 0.308939 0.513293 0.314337 0.503304 0.289780 0.490036 0.284382 0.500026
0 0.372025 0.417300 0.379653 0.403369 0.340997 0.382205 0.333370 0.396135
0 0.342497 0.356658 0.350484 0.341551 0.306473 0.318284 0.298486 0.333392
0 0.372633 0.394464 0.379252 0.380860 0.344511 0.363958 0.337892 0.377562
0 0.999228 0.380538 1.000000 0.362785 0.969376 0.348385 0.962429 0.366139
0 0.330734 0.369992 0.335808 0.358103 0.305090 0.344993 0.300015 0.356882
0 0.081785 0.395953 0.087090 0.385309 0.060875 0.372242 0.055569 0.382886
0 0.130013 0.424553 0.137475 0.412899 0.105834 0.392641 0.098372 0.404295
0 0.497714 0.705619 0.539050 0.639742 0.530164 0.634166 0.488827 0.700043
0 0.383264 0.377414 0.390609 0.362818 0.351825 0.343299 0.344480 0.357895
0 0.443509 0.674751 0.476707 0.621515 0.396433 0.571455 0.363234 0.624691
0 0.159819 0.484736 0.169331 0.477461 0.153503 0.456767 0.143991 0.464042
0 0.430113 0.597381 0.440302 0.581541 0.393731 0.551583 0.383542 0.567423
0 0.137100 0.400415 0.142338 0.390265 0.117967 0.377687 0.112729 0.387836
0 0.475345 0.692069 0.515245 0.627734 0.506463 0.622288 0.466563 0.686622
0 0.884040 0.523651 0.890739 0.508393 0.854054 0.492286 0.847355 0.507544
0 0.105971 0.349214 0.114342 0.332636 0.068639 0.309557 0.060267 0.326134
0 0.137043 0.293925 0.143620 0.280652 0.108945 0.263470 0.102368 0.276743
0 0.113347 0.434711 0.119256 0.424736 0.094114 0.409840 0.088204 0.419815
0 0.115457 0.327154 0.123049 0.313618 0.082037 0.290616 0.074445 0.304151
0 1.000000 0.546852 1.000000 0.528675 0.985845 0.528253 0.985389 0.546430
0 0.186596 0.298074 0.193249 0.286450 0.164106 0.269769 0.157453 0.281393
0 0.152800 0.366233 0.158134 0.354868 0.124901 0.339271 0.119567 0.350635
0 0.055771 0.426179 0.059583 0.415714 0.035796 0.407051 0.031984 0.417517
0 0.229350 0.515573 0.232163 0.507625 0.214451 0.501356 0.211638 0.509304
0 0.479976 0.631385 0.490709 0.615919 0.446675 0.585361 0.435942 0.600827
0 0.170679 0.978641 0.184678 0.965884 0.178201 0.958777 0.164202 0.971534
0 0.125125 0.927762 0.139552 0.915078 0.132816 0.907416 0.118389 0.920100
0 0.177288 0.987161 0.191552 0.973894 0.184603 0.966423 0.170339 0.979690
