0 0.490660 0.886916 0.499344 0.873937 0.457532 0.845960 0.448848 0.858939
0 0.433884 0.850110 0.438944 0.841508 0.418286 0.829355 0.413226 0.837957
0 0.752555 0.145993 0.819227 0.138360 0.817183 0.120502 0.750511 0.128135
0 0.432035 0.871413 0.436769 0.864409 0.420259 0.853249 0.415525 0.860253
0 0.238976 0.975742 0.244821 0.966932 0.224057 0.953154 0.218212 0.961964
0 0.599924 0.979654 0.616942 0.950408 0.411413 0.830813 0.394395 0.860059
0 0.229969 0.982792 0.235283 0.974019 0.214038 0.961150 0.208724 0.969923
0 0.412407 0.857897 0.416365 0.850945 0.400579 0.841959 0.396622 0.848911
0 0.906908 0.122812 0.939254 0.119582 0.937980 0.106824 0.905634 0.110054
0 0.119308 0.566168 0.124532 0.554688 0.100696 0.543842 0.095472 0.555322
0 0.171643 0.523629 0.178421 0.508106 0.141294 0.491895 0.134516 0.507418
0 0.411419 0.198195 0.440111 0.191569 0.437288 0.179346 0.408596 0.185972
0 0.606518 0.068345 0.639852 0.062779 0.637572 0.049124 0.604237 0.054690
0 0.783610 0.995124 0.784066 0.981410 0.775923 0.981139 0.775467 0.994853
