0 0.864145 0.622614 0.902714 0.620280 0.901775 0.604759 0.863206 0.607092
0 1.000000 0.599863 1.000000 0.582527 0.981102 0.583263 0.981772 0.600599
0 0.866270 0.769030 0.871043 0.758409 0.846767 0.747501 0.841994 0.758122
0 0.904777 0.769945 0.942455 0.760532 0.938531 0.744827 0.900853 0.754240
0 0.965248 0.454073 1.000000 0.440828 0.996485 0.425720 0.959795 0.438965
0 0.946127 0.571770 0.973108 0.565823 0.970359 0.553351 0.943377 0.559299
0 0.944623 0.990436 0.965267 0.910216 0.921571 0.898972 0.900928 0.979192
0 0.783286 0.995173 0.783972 0.981413 0.776068 0.981019 0.775382 0.994779
0 1.000000 0.599634 0.999588 0.582626 0.981909 0.583121 0.982386 0.600130
0 0.773751 0.995014 0.774248 0.981842 0.766291 0.981541 0.765794 0.994714
