0 0.066252 0.613536 0.071238 0.547085 0.000000 0.541686 0.000000 0.608137
0 0.356315 0.117421 0.374963 0.086588 0.363084 0.079403 0.344436 0.110236
0 0.676235 0.379728 0.686464 0.354744 0.675650 0.350317 0.665421 0.375301
0 0.963056 0.260448 0.979620 0.239014 0.969310 0.231047 0.952746 0.252481
0 0.544441 0.333498 0.556316 0.329384 0.544691 0.295829 0.532816 0.299943
0 0.837179 0.552270 0.838340 0.536197 0.792935 0.532917 0.791774 0.548990
0 0.149242 0.175374 0.176540 0.138888 0.162571 0.128436 0.135273 0.164922
0 0.986187 0.535175 0.987218 0.509363 0.976421 0.508931 0.975390 0.534744
0 0.074635 0.609697 0.079096 0.552672 0.062152 0.551346 0.057690 0.608371
0 0.898956 0.161202 0.933307 0.155614 0.931044 0.141707 0.896693 0.147295
0 0.695582 0.130551 0.721582 0.111211 0.714858 0.102171 0.688858 0.121511
0 0.360954 0.428594 0.371777 0.416612 0.339078 0.387074 0.328255 0.399055
0 0.371957 0.405255 0.379913 0.395025 0.348680 0.370735 0.340724 0.380965
0 0.560931 0.473880 0.582647 0.464444 0.578686 0.455329 0.556970 0.464765
0 0.457968 0.481116 0.464386 0.457340 0.453762 0.454472 0.447344 0.478248
0 0.907438 0.729879 0.951056 0.717238 0.947072 0.703493 0.903455 0.716134
0 0.053983 0.575749 0.055529 0.551967 0.045114 0.551290 0.043569 0.575072
0 0.787771 0.015569 0.816255 0.010460 0.814230 0.000000 0.785746 0.004281
0 0.034472 0.573802 0.038122 0.549670 0.028358 0.548194 0.024709 0.572326
0 0.035796 0.607392 0.038065 0.583805 0.027361 0.582775 0.025092 0.606363
0 0.998423 0.190813 1.000000 0.178112 0.987112 0.175021 0.984327 0.187722
0 0.431748 0.671623 0.461623 0.633842 0.449448 0.624215 0.419573 0.661996
0 0.542863 0.062102 0.557458 0.046602 0.549644 0.039244 0.535050 0.054744
0 0.814802 0.638077 0.828838 0.632875 0.815749 0.597562 0.801714 0.602764
0 0.132299 0.372891 0.141100 0.360553 0.111273 0.339276 0.102472 0.351614
0 0.069718 0.079488 0.069802 0.070198 0.014123 0.069696 0.014039 0.078986
0 0.911820 0.739718 0.956937 0.727627 0.953910 0.716334 0.908794 0.728425
