0 0.070349 0.713473 0.082994 0.703381 0.056282 0.669911 0.043637 0.680003
0 0.081684 0.872183 0.097103 0.863664 0.072970 0.819987 0.057551 0.828506
0 0.973867 0.769731 0.979258 0.739402 0.967852 0.737374 0.962461 0.767703
0 1.000000 0.789816 1.000000 0.774953 0.979255 0.771755 0.977194 0.786618
0 0.038669 0.086897 0.048673 0.075526 0.024440 0.054205 0.014436 0.065576
0 0.170893 0.703043 0.201918 0.701586 0.201339 0.689246 0.170313 0.690703
0 0.397262 0.513963 0.398141 0.505960 0.381122 0.504092 0.380243 0.512094
0 0.092492 0.597539 0.096904 0.591296 0.082044 0.580795 0.077632 0.587038
0 0.189083 0.581626 0.190126 0.569547 0.163011 0.567207 0.161968 0.579286
0 0.340820 0.706237 0.352665 0.703604 0.343481 0.662278 0.331636 0.664910
0 0.126570 0.395913 0.130492 0.388388 0.114958 0.380291 0.111035 0.387816
0 0.132411 0.086272 0.132065 0.072413 0.101757 0.073168 0.102102 0.087027
0 0.194593 0.490012 0.201366 0.478016 0.176344 0.463888 0.169571 0.475884
0 0.236789 0.297289 0.278649 0.282105 0.273081 0.266755 0.231221 0.281938
0 0.692362 0.621585 0.692430 0.609967 0.609755 0.609485 0.609687 0.621104
0 0.693459 0.408019 0.693418 0.398217 0.652300 0.398389 0.652341 0.408191
0 0.518051 0.670456 0.517990 0.658574 0.427245 0.659038 0.427306 0.670920
0 0.177908 0.304346 0.185548 0.289864 0.149444 0.270819 0.141804 0.285302
0 0.241209 0.921904 0.249049 0.905494 0.206930 0.885373 0.199091 0.901783
0 0.643505 0.795719 0.643111 0.784698 0.580148 0.786946 0.580542 0.797967
0 0.999850 0.773887 1.000000 0.620890 0.972969 0.620846 0.972724 0.773843
0 0.999812 0.763161 1.000000 0.748056 0.994609 0.747378 0.993085 0.762483
0 0.851225 0.994906 0.851623 0.982217 0.846521 0.982057 0.846123 0.994745
