0 0.196835 0.549685 0.198263 0.531827 0.139722 0.527148 0.138294 0.545006
0 0.977538 0.591884 1.000000 0.557721 0.980663 0.539807 0.954313 0.573970
0 0.752932 0.859757 0.817348 0.851345 0.815142 0.834451 0.750726 0.842864
0 0.986966 0.329168 1.000000 0.321659 1.000000 0.309444 0.981910 0.316953
0 0.937301 0.834550 0.936750 0.821782 0.905649 0.823124 0.906200 0.835892
0 0.606583 0.782001 0.635693 0.778718 0.634279 0.766179 0.605169 0.769461
0 0.030005 0.546845 0.035897 0.532627 0.001910 0.518543 0.000000 0.532761
0 0.845853 0.905427 0.875439 0.895650 0.871739 0.884452 0.842153 0.894229
0 0.065955 0.485445 0.122761 0.479106 0.121074 0.463985 0.064268 0.470325
0 0.440273 0.514642 0.440434 0.499036 0.394795 0.498563 0.394634 0.514169
0 0.411905 0.912676 0.440532 0.905547 0.437384 0.892906 0.408757 0.900035
0 0.909428 0.966732 0.935982 0.962996 0.934237 0.950596 0.907683 0.954332
0 0.469436 0.327128 0.491499 0.317925 0.487192 0.307600 0.465129 0.316803
0 0.655312 0.932177 0.686656 0.927207 0.684831 0.915699 0.653488 0.920668
