0 0.373379 0.954901 0.377890 0.936209 0.332810 0.925330 0.328299 0.944022
0 0.533091 0.786786 0.583748 0.769415 0.576492 0.748254 0.525835 0.765625
0 0.697372 0.616476 0.701162 0.597173 0.652569 0.587632 0.648779 0.606935
0 0.407643 0.844789 0.407733 0.827345 0.356990 0.827082 0.356899 0.844526
0 0.507860 0.962282 0.508477 0.945371 0.459657 0.943590 0.459040 0.960500
0 0.531258 0.839911 0.534720 0.823489 0.491276 0.814331 0.487814 0.830753
0 0.622040 0.920772 0.622802 0.913358 0.607149 0.911748 0.606387 0.919163
0 0.476727 0.363710 0.484002 0.345252 0.444603 0.329723 0.437328 0.348181
0 0.783059 0.995172 0.783766 0.981724 0.776228 0.981328 0.775521 0.994776
0 0.673884 0.813346 0.674260 0.801676 0.643119 0.800673 0.642743 0.812343
0 0.484216 0.211571 0.533794 0.204970 0.531391 0.186919 0.481812 0.193520
0 0.773683 0.994923 0.774119 0.982142 0.766439 0.981881 0.766004 0.994662
0 0.424976 0.661061 0.437120 0.644762 0.397414 0.615180 0.385271 0.631480
0 0.704682 0.997606 0.704814 0.984950 0.697288 0.984871 0.697157 0.997528
0 0.715230 0.995355 0.715537 0.985222 0.707266 0.984972 0.706958 0.995105
0 0.796546 0.994947 0.797125 0.981779 0.790121 0.981471 0.789542 0.994639
0 0.764286 0.994812 0.764884 0.982023 0.757460 0.981676 0.756862 0.994465
0 0.455585 0.448173 0.467044 0.434254 0.434495 0.407455 0.423035 0.421374
0 0.694452 0.995728 0.694714 0.984971 0.688933 0.984830 0.688671 0.995587
0 0.851060 0.994868 0.851592 0.982093 0.846518 0.981882 0.845986 0.994657
0 0.727205 0.997352 0.727390 0.984734 0.718055 0.984597 0.717869 0.997215
0 0.858423 0.994572 0.859352 0.982423 0.854258 0.982034 0.853329 0.994182
0 0.755479 0.994795 0.755938 0.982076 0.747489 0.981771 0.747030 0.994490
0 0.746071 0.995633 0.747403 0.982947 0.735643 0.981712 0.734311 0.994399
0 0.835477 0.995409 0.835648 0.984851 0.829117 0.984745 0.828946 0.995303
0 0.866836 0.995456 0.867553 0.984453 0.861213 0.984040 0.860496 0.995043
