0 1.000000 0.076416 1.000000 0.061171 0.978791 0.057458 0.976397 0.072703
0 0.973414 0.055451 0.978921 0.025521 0.967733 0.023463 0.962225 0.053392
0 0.605263 0.977111 0.614889 0.959040 0.570851 0.935583 0.561225 0.953654
0 0.081483 0.157843 0.096536 0.149588 0.072321 0.105433 0.057268 0.113689
0 0.158169 0.723169 0.163046 0.716703 0.144934 0.703041 0.140057 0.709506
0 0.240781 0.207004 0.248115 0.191246 0.205900 0.171599 0.198567 0.187358
0 0.999255 0.064092 1.000000 0.001040 0.973283 0.000723 0.972537 0.063776
0 0.354757 0.307568 0.433997 0.305887 0.433750 0.294205 0.354509 0.295886
0 0.381740 0.942439 0.412487 0.905888 0.398586 0.894195 0.367840 0.930746
0 0.469444 0.471729 0.471770 0.457387 0.435138 0.451447 0.432812 0.465788
0 0.115068 0.349845 0.114729 0.331857 0.109760 0.331951 0.110100 0.349939
0 0.118730 0.643233 0.118783 0.634570 0.082575 0.634349 0.082522 0.643013
0 0.783175 0.995116 0.783719 0.981622 0.775991 0.981310 0.775447 0.994805
0 1.000000 0.048694 1.000000 0.032587 0.994607 0.031717 0.992790 0.047824
0 0.773804 0.995169 0.774155 0.982223 0.766211 0.982007 0.765860 0.994953
0 0.797132 0.995479 0.797487 0.981743 0.789904 0.981547 0.789549 0.995283
0 0.850925 0.994852 0.851355 0.982291 0.846587 0.982128 0.846157 0.994689
0 0.166450 0.070597 0.229127 0.068564 0.228808 0.058734 0.166131 0.060767
0 0.212007 0.520699 0.212181 0.509651 0.131072 0.508375 0.130898 0.519423
0 0.626719 0.082104 0.626549 0.070567 0.557297 0.071583 0.557466 0.083120
