0 0.693955 0.155999 0.715900 0.042016 0.667988 0.032792 0.646044 0.146775
0 0.616472 0.614276 0.623829 0.582097 0.611889 0.579367 0.604532 0.611546
0 0.961334 0.917999 0.978787 0.886986 0.967433 0.880596 0.949980 0.911610
0 0.983855 0.799106 0.991737 0.762994 0.980199 0.760476 0.972317 0.796588
0 0.120313 0.552963 0.121933 0.536915 0.075489 0.532226 0.073869 0.548273
0 0.877420 0.128845 0.903018 0.126912 0.895041 0.021289 0.869443 0.023223
0 0.268922 0.534937 0.269948 0.509831 0.259170 0.509391 0.258144 0.534497
0 0.576319 0.485908 0.600508 0.450523 0.587639 0.441725 0.563450 0.477110
0 0.245384 0.260663 0.262341 0.238754 0.251991 0.230744 0.235035 0.252653
0 0.736620 0.379695 0.742398 0.346243 0.731739 0.344401 0.725960 0.377854
0 0.986695 0.366536 0.996737 0.351128 0.960903 0.327774 0.950861 0.343182
0 0.406231 0.614052 0.428156 0.597250 0.419872 0.586441 0.397947 0.603243
0 0.182066 0.161306 0.216296 0.155526 0.213843 0.140997 0.179612 0.146777
0 0.868566 0.980756 0.896416 0.974160 0.894197 0.964792 0.866347 0.971389
0 0.070508 0.015756 0.099497 0.010587 0.097376 0.000000 0.068387 0.003860
0 0.189549 0.729876 0.234158 0.717518 0.230237 0.703366 0.185629 0.715724
0 0.807817 0.755072 0.848885 0.746992 0.845615 0.730369 0.804546 0.738448
0 0.825679 0.649566 0.831515 0.608692 0.817943 0.606755 0.812108 0.647629
0 0.583406 0.322328 0.594455 0.312040 0.566612 0.282135 0.555562 0.292423
0 0.463771 0.439554 0.475445 0.428262 0.443910 0.395660 0.432236 0.406952
0 0.974004 0.997826 0.975283 0.985368 0.967127 0.984531 0.965848 0.996989
0 0.977194 0.371503 0.985539 0.358481 0.956309 0.339751 0.947964 0.352773
0 0.342910 0.453823 0.357880 0.453064 0.355060 0.397464 0.340090 0.398223
0 0.783199 0.995365 0.783742 0.981434 0.776003 0.981132 0.775460 0.995063
0 0.911897 0.474149 0.927338 0.470020 0.914891 0.423477 0.899450 0.427606
0 0.524420 0.667763 0.522966 0.630221 0.508344 0.630787 0.509798 0.668330
0 0.850853 0.995045 0.851294 0.981906 0.846440 0.981743 0.845999 0.994882
0 0.886316 0.996048 0.886218 0.984161 0.879292 0.984218 0.879391 0.996105
0 0.796895 0.995770 0.797378 0.981658 0.789839 0.981399 0.789355 0.995512
0 0.270169 0.192091 0.300831 0.182252 0.296831 0.169786 0.266169 0.179625
0 0.777092 0.848954 0.819727 0.844990 0.818043 0.826879 0.775408 0.830843
0 0.914167 0.995485 0.914423 0.984155 0.907224 0.983993 0.906968 0.995322
0 0.964190 0.996190 0.965266 0.985339 0.956915 0.984511 0.955839 0.995362
0 0.858332 0.994861 0.859195 0.982335 0.854221 0.981992 0.853358 0.994518
0 0.817861 0.995005 0.818087 0.984382 0.811971 0.984252 0.811745 0.994875
0 0.835327 0.995454 0.835486 0.985362 0.829344 0.985266 0.829186 0.995358
0 0.866783 0.995715 0.867422 0.984143 0.861239 0.983802 0.860600 0.995374
0 0.923504 0.995591 0.923741 0.984592 0.916545 0.984437 0.916308 0.995436
0 0.097188 0.637749 0.111079 0.632817 0.098605 0.597679 0.084713 0.602611
0 0.986499 0.996270 0.987586 0.984754 0.979743 0.984014 0.978657 0.995530
0 0.950978 0.995733 0.951636 0.984846 0.944143 0.984393 0.943486 0.995281
0 0.869137 0.995501 0.869816 0.984941 0.863914 0.984561 0.863235 0.995121
0 0.773972 0.995487 0.774363 0.982070 0.766248 0.981833 0.765857 0.995250
0 0.826873 0.995298 0.827026 0.985199 0.821568 0.985116 0.821415 0.995215
0 0.764352 0.995157 0.764940 0.981965 0.757299 0.981625 0.756711 0.994817
0 0.932116 0.994947 0.932299 0.984196 0.926543 0.984098 0.926360 0.994849
0 0.808136 0.995434 0.808310 0.983083 0.802953 0.983007 0.802780 0.995358
0 0.715232 0.995452 0.715691 0.985407 0.707059 0.985013 0.706601 0.995058
0 0.996706 0.996231 0.998017 0.986757 0.989596 0.985592 0.988286 0.995067
0 0.805190 0.995127 0.805134 0.982416 0.799517 0.982440 0.799572 0.995151
0 0.523812 0.139538 0.526019 0.124552 0.489817 0.119223 0.487611 0.134208
0 0.704832 0.997671 0.705086 0.984941 0.696924 0.984779 0.696670 0.997509
0 0.824757 0.995094 0.824848 0.984725 0.818931 0.984673 0.818839 0.995042
0 0.809726 0.994341 0.809897 0.983671 0.804394 0.983583 0.804223 0.994252
0 0.942304 0.995133 0.942742 0.984888 0.935676 0.984587 0.935239 0.994831
0 0.755639 0.995444 0.756081 0.982017 0.747298 0.981728 0.746856 0.995155
0 0.727713 0.997493 0.727875 0.984724 0.717950 0.984598 0.717788 0.997368
0 0.745989 0.995784 0.747312 0.982902 0.735441 0.981684 0.734119 0.994565
0 0.852750 0.995371 0.853160 0.983031 0.848496 0.982875 0.848085 0.995216
0 0.193952 0.740244 0.240113 0.727912 0.237001 0.716263 0.190840 0.728595
