0 0.450245 0.855233 0.457900 0.783737 0.387816 0.776233 0.380160 0.847729
0 0.458336 0.919833 0.459040 0.877073 0.417490 0.876389 0.416786 0.919149
0 0.350028 0.779515 0.358531 0.710777 0.288064 0.702060 0.279561 0.770798
0 0.272144 0.300936 0.277858 0.278901 0.268521 0.276480 0.262808 0.298515
0 0.490580 0.173561 0.498710 0.160987 0.457090 0.134078 0.448961 0.146653
0 0.432958 0.138638 0.438603 0.129743 0.418444 0.116948 0.412798 0.125843
0 0.597606 0.268691 0.616407 0.236347 0.413509 0.118406 0.394708 0.150751
0 0.432381 0.159400 0.437382 0.152356 0.420044 0.140047 0.415043 0.147092
0 0.270511 0.400187 0.281683 0.378699 0.273393 0.374389 0.262221 0.395877
0 0.261429 0.395594 0.272649 0.377056 0.265212 0.372555 0.253992 0.391093
0 0.783410 0.995264 0.784248 0.981290 0.776013 0.980796 0.775175 0.994770
0 0.238568 0.262557 0.244053 0.253617 0.223325 0.240899 0.217840 0.249838
0 0.412898 0.145441 0.417169 0.137990 0.401859 0.129214 0.397588 0.136664
0 0.796974 0.995245 0.797818 0.981290 0.789873 0.980810 0.789030 0.994764
