0 0.698683 0.931011 0.702625 0.916952 0.665419 0.906519 0.661477 0.920578
0 0.783771 0.995849 0.784690 0.981351 0.776036 0.980802 0.775117 0.995301
0 0.704820 0.997926 0.705039 0.984886 0.697113 0.984752 0.696893 0.997793
0 0.797678 0.996988 0.798202 0.981693 0.789242 0.981386 0.788717 0.996681
0 0.342307 0.636206 0.342277 0.625517 0.262398 0.625740 0.262428 0.636429
0 0.773938 0.995694 0.774569 0.982278 0.766212 0.981885 0.765581 0.995301
0 0.764366 0.995299 0.765079 0.982058 0.757294 0.981639 0.756581 0.994880
0 0.715118 0.995723 0.715598 0.985327 0.707239 0.984941 0.706759 0.995337
0 0.694874 0.995832 0.695152 0.984922 0.688724 0.984757 0.688446 0.995667
0 1.000000 0.111764 1.000000 0.101017 0.958327 0.100728 0.958253 0.111475
0 0.851220 0.994938 0.851524 0.981985 0.846368 0.981864 0.846065 0.994817
0 0.830807 0.537945 0.831118 0.527529 0.745463 0.524974 0.745152 0.535390
0 0.858494 0.994566 0.859246 0.982412 0.854099 0.982093 0.853347 0.994248
0 0.867191 0.995323 0.867722 0.984698 0.861243 0.984375 0.860712 0.994999
0 0.847156 0.312005 0.847181 0.300588 0.768315 0.300413 0.768290 0.311830
0 0.818209 0.995462 0.818382 0.984063 0.811318 0.983956 0.811145 0.995354
0 0.727462 0.997636 0.727562 0.984647 0.717957 0.984573 0.717856 0.997562
0 0.835542 0.995592 0.835714 0.985199 0.829173 0.985091 0.829002 0.995485
0 0.886256 0.995491 0.886380 0.984762 0.880029 0.984689 0.879906 0.995418
0 0.755826 0.995663 0.756312 0.982008 0.747229 0.981684 0.746742 0.995339
0 0.805641 0.995665 0.805480 0.981047 0.798522 0.981123 0.798683 0.995742
0 0.974311 0.997766 0.975485 0.985286 0.967022 0.984490 0.965849 0.996971
0 0.248316 0.622433 0.248160 0.613050 0.192688 0.613971 0.192844 0.623355
0 0.219545 0.436165 0.219660 0.426861 0.181689 0.426394 0.181575 0.435697
0 0.745792 0.995916 0.747196 0.982822 0.735483 0.981566 0.734079 0.994661
0 0.869335 0.995134 0.869780 0.984868 0.863282 0.984586 0.862837 0.994852
