0 0.299689 0.514681 0.337590 0.508570 0.334811 0.491339 0.296911 0.497450
0 0.150051 0.622304 0.188186 0.620034 0.187278 0.604777 0.149143 0.607047
0 0.266032 0.601200 0.318170 0.597127 0.316827 0.579936 0.264689 0.584010
0 0.503527 1.000000 0.507503 0.949421 0.471742 0.946837 0.467767 1.000000
0 0.304555 0.443751 0.350640 0.429309 0.345181 0.411890 0.299096 0.426332
0 0.251219 0.453377 0.289944 0.440608 0.285087 0.425879 0.246362 0.438648
0 0.324874 0.353810 0.376464 0.349165 0.374672 0.329267 0.323082 0.333912
0 0.238084 1.000000 0.257017 0.908442 0.200225 0.897338 0.181291 0.994175
0 0.533529 0.072145 0.582006 0.056054 0.575095 0.035233 0.526618 0.051323
0 0.404474 1.000000 0.408514 0.967057 0.384305 0.964233 0.380265 0.998871
0 0.373467 0.240643 0.377859 0.222284 0.333194 0.211600 0.328802 0.229958
0 0.408627 0.131725 0.408917 0.113343 0.356243 0.112513 0.355953 0.130895
0 0.507777 0.248314 0.508460 0.231220 0.460118 0.229288 0.459435 0.246382
0 0.231734 0.571738 0.258295 0.565468 0.255395 0.553185 0.228834 0.559455
0 0.435333 0.555440 0.471463 0.543123 0.466870 0.529650 0.430740 0.541967
0 0.189538 0.769776 0.227487 0.761107 0.223875 0.745293 0.185926 0.753962
0 0.466950 0.419036 0.508001 0.409804 0.504412 0.393840 0.463360 0.403072
0 0.531643 0.407422 0.578291 0.401687 0.575926 0.382456 0.529279 0.388191
0 0.152708 0.769300 0.157514 0.758324 0.132197 0.747239 0.127391 0.758215
0 0.283809 0.658389 0.302853 0.653068 0.300198 0.643565 0.281154 0.648887
0 0.530039 0.126864 0.534050 0.110642 0.491916 0.100223 0.487904 0.116444
0 0.401590 0.663651 0.422023 0.639015 0.411942 0.630653 0.391508 0.655289
0 0.331432 0.622035 0.337397 0.599406 0.325857 0.596364 0.319892 0.618993
0 0.674041 0.099338 0.674302 0.087655 0.643116 0.086956 0.642854 0.098640
0 0.622511 0.207411 0.623580 0.199593 0.606943 0.197318 0.605874 0.205135
0 0.830478 0.974072 0.836909 0.926040 0.818031 0.923513 0.811600 0.971544
0 0.493067 0.812794 0.495249 0.806420 0.480725 0.801447 0.478542 0.807821
0 0.349323 0.801113 0.399960 0.785254 0.394068 0.766441 0.343431 0.782300
0 0.844485 0.898111 0.846470 0.888932 0.828127 0.884967 0.826142 0.894146
0 0.848744 0.878037 0.850675 0.868115 0.832589 0.864596 0.830659 0.874517
0 0.972245 0.540101 0.974177 0.530669 0.955250 0.526794 0.953319 0.536226
0 0.975500 0.530820 0.977498 0.520506 0.956756 0.516488 0.954758 0.526802
0 0.971098 0.551222 0.973132 0.541664 0.954543 0.537709 0.952510 0.547267
0 0.945217 0.472593 0.947301 0.462274 0.928716 0.458522 0.926632 0.468840
0 0.617248 0.455374 0.619622 0.449255 0.607505 0.444555 0.605132 0.450675
0 0.946885 0.461597 0.948720 0.451242 0.929558 0.447847 0.927724 0.458202
0 0.977692 0.520216 0.980132 0.509951 0.960172 0.505205 0.957731 0.515470
