0 0.693800 0.871515 0.716282 0.752702 0.669194 0.743792 0.646711 0.862604
0 0.877843 0.845990 0.903584 0.843841 0.894663 0.737012 0.868922 0.739161
0 0.246352 0.534621 0.281546 0.519123 0.227940 0.397390 0.192745 0.412888
0 0.245870 0.976828 0.262246 0.954440 0.251759 0.946769 0.235384 0.969157
0 0.401590 0.393884 0.421012 0.391509 0.405240 0.262579 0.385819 0.264955
0 0.070531 0.732035 0.098792 0.727105 0.096410 0.713454 0.068149 0.718384
0 0.276435 0.414720 0.289142 0.405468 0.244763 0.344521 0.232056 0.353773
0 0.426209 0.346157 0.449876 0.342403 0.436055 0.255267 0.412388 0.259021
0 0.021411 0.651188 0.048774 0.646236 0.013466 0.451162 0.000000 0.456114
0 0.181851 0.876833 0.215095 0.871105 0.212651 0.856916 0.179406 0.862644
0 0.574356 0.298211 0.612976 0.293636 0.604793 0.224563 0.566174 0.229138
0 0.271506 0.907749 0.301014 0.897093 0.296562 0.884764 0.267054 0.895420
0 0.224470 0.523013 0.239258 0.516736 0.197233 0.417723 0.182444 0.424000
0 0.074612 0.996887 0.076624 0.974530 0.062762 0.973282 0.060750 0.995640
0 0.523058 0.856254 0.525710 0.840840 0.490102 0.834713 0.487450 0.850126
