0 0.721474 0.687685 0.743879 0.655115 0.677433 0.609404 0.655027 0.641974
0 0.566661 0.490958 0.584074 0.467883 0.574063 0.460328 0.556650 0.483403
0 0.694686 0.415287 0.703730 0.410298 0.691416 0.387974 0.682371 0.392963
0 0.470706 0.479933 0.482359 0.457732 0.472032 0.452312 0.460379 0.474513
0 0.035280 0.594519 0.036786 0.582027 0.007563 0.578504 0.006058 0.590996
0 0.481735 0.406628 0.489251 0.360324 0.473460 0.357760 0.465944 0.404065
0 0.188923 0.286443 0.190566 0.272942 0.159761 0.269194 0.158119 0.282696
0 0.283627 0.989104 0.302999 0.979973 0.298881 0.971236 0.279509 0.980366
0 0.810634 0.290967 0.820550 0.283245 0.802869 0.260540 0.792953 0.268262
0 0.699483 0.215346 0.703196 0.200882 0.665408 0.191182 0.661695 0.205647
0 0.973776 0.363710 0.978432 0.351332 0.953751 0.342050 0.949096 0.354428
