0 0.367245 0.198267 0.389081 0.174196 0.379199 0.165231 0.357363 0.189302
0 0.351713 0.300993 0.351227 0.286192 0.322575 0.287134 0.323062 0.301934
0 0.360504 0.114739 0.380604 0.096016 0.371990 0.086768 0.351890 0.105491
0 0.660183 0.451890 0.678601 0.437599 0.671360 0.428266 0.652941 0.442557
0 0.030252 0.031194 0.057660 0.021650 0.052795 0.007681 0.025388 0.017225
0 0.333305 0.723468 0.386840 0.711721 0.383138 0.694851 0.329604 0.706599
0 0.684343 0.123140 0.704451 0.103829 0.695940 0.094967 0.675832 0.114279
0 0.821981 0.375301 0.852437 0.366686 0.848668 0.353359 0.818211 0.361973
0 0.768095 0.191153 0.777489 0.160205 0.765463 0.156554 0.756069 0.187502
0 0.384404 0.367082 0.417005 0.355876 0.412988 0.344191 0.380387 0.355397
0 0.257226 0.311887 0.280303 0.287683 0.271701 0.279482 0.248624 0.303686
0 0.706242 0.018392 0.728130 0.003513 0.719716 0.000000 0.697828 0.006016
0 0.823714 0.720027 0.859868 0.709270 0.855139 0.693378 0.818985 0.704135
0 0.881119 0.644337 0.925609 0.628266 0.920130 0.613100 0.875641 0.629171
0 0.272152 0.188587 0.293615 0.160935 0.283067 0.152748 0.261604 0.180399
0 0.446279 0.140615 0.473468 0.124040 0.466292 0.112269 0.439103 0.128844
0 0.290009 0.409314 0.316493 0.384143 0.306936 0.374088 0.280453 0.399259
0 0.538372 0.819298 0.566206 0.800313 0.558636 0.789214 0.530802 0.808199
0 0.364933 0.482235 0.386877 0.469167 0.380439 0.458358 0.358496 0.471426
0 0.818738 0.563819 0.841816 0.546531 0.834476 0.536733 0.811398 0.554021
0 0.743430 0.783678 0.794906 0.781351 0.794120 0.763972 0.742644 0.766299
0 0.618176 0.386979 0.639028 0.360896 0.628562 0.352529 0.607710 0.378612
0 0.506981 0.465184 0.534787 0.430146 0.522616 0.420488 0.494810 0.455526
0 0.571198 0.651030 0.599558 0.644383 0.596571 0.631635 0.568210 0.638282
0 0.896440 0.299415 0.899135 0.287237 0.872815 0.281412 0.870120 0.293590
0 0.059636 0.351953 0.076676 0.315690 0.064955 0.310182 0.047915 0.346446
0 0.867346 0.449594 0.915394 0.447395 0.914423 0.426187 0.866375 0.428386
0 0.427043 0.876906 0.462264 0.869765 0.459414 0.855708 0.424193 0.862850
0 0.433481 0.187435 0.468902 0.181582 0.466373 0.166278 0.430952 0.172131
0 0.437246 0.060744 0.462931 0.030796 0.451564 0.021047 0.425879 0.050995
0 0.587516 0.551371 0.625757 0.539364 0.621012 0.524249 0.582771 0.536256
0 0.123892 0.442052 0.123947 0.430301 0.046390 0.429939 0.046335 0.441690
0 0.237295 0.510461 0.252865 0.502284 0.248110 0.493229 0.232539 0.501406
0 0.114244 0.990655 0.113931 0.975603 0.081978 0.976266 0.082290 0.991318
0 0.704790 0.997681 0.704888 0.984867 0.697247 0.984808 0.697149 0.997623
0 0.783199 0.995021 0.783321 0.981439 0.775687 0.981370 0.775566 0.994952
0 0.095794 0.870797 0.133526 0.867783 0.132300 0.852438 0.094569 0.855452
0 0.796713 0.995488 0.796971 0.981900 0.789750 0.981763 0.789492 0.995351
0 0.773905 0.994969 0.773984 0.981689 0.765697 0.981640 0.765618 0.994920
0 0.715320 0.995444 0.715710 0.985284 0.707174 0.984956 0.706783 0.995116
0 0.043397 0.724786 0.083130 0.705384 0.076359 0.691518 0.036627 0.710920
0 0.764783 0.995243 0.764909 0.981321 0.757058 0.981251 0.756932 0.995172
0 0.817882 0.995056 0.818080 0.984230 0.811902 0.984117 0.811704 0.994943
0 0.851014 0.995105 0.851424 0.981856 0.846452 0.981702 0.846041 0.994951
0 0.835207 0.995403 0.835400 0.985379 0.829289 0.985262 0.829096 0.995286
0 0.694545 0.995730 0.694783 0.985009 0.688806 0.984876 0.688567 0.995597
0 0.858328 0.994776 0.859142 0.982375 0.854159 0.982048 0.853345 0.994449
0 0.974255 0.997768 0.975493 0.985356 0.967010 0.984510 0.965772 0.996922
0 0.867027 0.995520 0.867545 0.984537 0.861238 0.984239 0.860719 0.995222
0 0.914350 0.995464 0.914664 0.984065 0.907126 0.983858 0.906813 0.995257
0 0.727222 0.997453 0.727345 0.984562 0.718095 0.984474 0.717971 0.997364
0 0.826911 0.995160 0.827049 0.985077 0.821630 0.985002 0.821492 0.995086
0 0.221585 0.103069 0.221629 0.094071 0.179928 0.093867 0.179884 0.102864
0 0.805229 0.995209 0.805044 0.982232 0.799209 0.982315 0.799394 0.995291
0 0.923755 0.995711 0.923977 0.984377 0.916384 0.984228 0.916162 0.995562
0 0.975188 0.022097 0.976768 0.000000 0.931922 0.000000 0.930342 0.018964
0 0.886291 0.995484 0.886333 0.984679 0.879764 0.984654 0.879723 0.995459
0 0.969500 0.031855 0.974102 0.013249 0.938310 0.004396 0.933708 0.023003
0 0.808370 0.995354 0.808417 0.983035 0.802830 0.983014 0.802783 0.995333
0 0.964509 0.996208 0.965529 0.985271 0.956606 0.984438 0.955585 0.995375
0 0.755603 0.994834 0.755830 0.981673 0.746591 0.981514 0.746365 0.994675
0 0.746673 0.995763 0.747795 0.983277 0.735121 0.982138 0.733999 0.994625
0 0.869315 0.995187 0.869668 0.984774 0.863223 0.984556 0.862870 0.994968
0 0.986747 0.996337 0.987766 0.984725 0.979532 0.984003 0.978514 0.995614
