0 0.397096 0.677725 0.405598 0.667371 0.379565 0.645994 0.371063 0.656348
0 0.265120 0.726127 0.277714 0.723975 0.272074 0.690975 0.259481 0.693127
0 0.946125 0.515418 0.954577 0.502833 0.924678 0.482753 0.916226 0.495337
0 0.320438 0.588291 0.333396 0.579170 0.307938 0.543001 0.294979 0.552122
0 0.471445 0.731462 0.481396 0.726050 0.468223 0.701829 0.458272 0.707241
0 0.266582 0.793751 0.277659 0.790475 0.270407 0.765953 0.259330 0.769230
0 0.144326 0.131616 0.160339 0.125995 0.144899 0.082010 0.128887 0.087631
0 0.075664 0.996047 0.077565 0.975154 0.062122 0.973749 0.060221 0.994641
0 0.604509 1.000000 0.615611 0.998614 0.606541 0.984536 0.595439 0.991689
0 0.783305 0.995226 0.783863 0.981112 0.775932 0.980798 0.775374 0.994912
0 0.797147 0.995930 0.797586 0.981070 0.789546 0.980832 0.789108 0.995692
0 0.773843 0.995393 0.774308 0.981865 0.766295 0.981589 0.765830 0.995117
0 0.764226 0.995236 0.764966 0.981925 0.757385 0.981504 0.756645 0.994814
0 0.327201 0.397124 0.341857 0.387794 0.316778 0.348397 0.302121 0.357727
0 0.705125 0.997924 0.705275 0.984636 0.697040 0.984542 0.696890 0.997831
0 0.715803 0.995557 0.716095 0.984990 0.706755 0.984732 0.706463 0.995299
0 0.105797 0.829658 0.119334 0.824053 0.104591 0.788446 0.091055 0.794050
0 0.755627 0.995626 0.756173 0.981855 0.747648 0.981517 0.747103 0.995288
