0 0.042584 0.561428 0.049873 0.546209 0.010450 0.527329 0.003161 0.542547
0 0.085071 0.628749 0.086863 0.612596 0.043690 0.607808 0.041898 0.623962
0 0.115956 0.576182 0.123829 0.564599 0.092698 0.543440 0.084825 0.555022
0 0.140466 0.558993 0.148624 0.546457 0.119308 0.527378 0.111149 0.539914
0 0.148229 0.653001 0.187621 0.641353 0.183388 0.627038 0.143996 0.638686
0 0.064573 0.598336 0.106926 0.591275 0.103944 0.573394 0.061592 0.580455
0 0.120729 0.686442 0.162796 0.683013 0.161529 0.667465 0.119461 0.670894
0 0.028389 0.692872 0.063005 0.683625 0.059173 0.669277 0.024556 0.678524
0 0.056649 0.441509 0.070003 0.431728 0.041153 0.392340 0.027799 0.402121
0 0.025796 0.589958 0.029894 0.577176 0.000493 0.567748 0.000000 0.580530
0 0.487464 0.794922 0.495658 0.787306 0.476436 0.766628 0.468242 0.774244
0 0.461967 0.767041 0.467898 0.760777 0.451428 0.745182 0.445497 0.751446
0 0.263275 0.646370 0.263518 0.638888 0.247041 0.638352 0.246798 0.645833
0 0.182268 0.601779 0.184119 0.593922 0.169133 0.590391 0.167282 0.598249
0 0.005974 0.621729 0.006158 0.609097 0.000000 0.609001 0.000000 0.621633
0 0.260295 0.557591 0.263535 0.551256 0.249140 0.543892 0.245900 0.550228
0 0.271112 0.563670 0.274226 0.557088 0.257786 0.549309 0.254672 0.555891
0 0.434989 0.740774 0.439338 0.734710 0.422649 0.722740 0.418300 0.728805
