0 0.280012 0.581845 0.308318 0.578314 0.306791 0.566080 0.278486 0.569612
0 0.530604 0.994973 0.530815 0.985997 0.512081 0.985556 0.511870 0.994533
0 0.380891 0.546693 0.398481 0.511169 0.384334 0.504164 0.366744 0.539688
0 0.480361 0.518320 0.479592 0.508339 0.462467 0.509658 0.463236 0.519639
0 0.399996 0.415140 0.429820 0.410258 0.427746 0.397587 0.397922 0.402469
0 0.783099 0.995133 0.783607 0.981709 0.776016 0.981422 0.775508 0.994845
0 0.577602 0.515122 0.591406 0.508840 0.588082 0.501537 0.574278 0.507820
0 0.348240 0.678330 0.394818 0.670368 0.391381 0.650265 0.344804 0.658227
0 0.491463 0.762757 0.507216 0.755926 0.503709 0.747839 0.487956 0.754669
0 0.797071 0.995569 0.797400 0.982191 0.789872 0.982006 0.789543 0.995384
0 0.285897 0.448233 0.299557 0.442922 0.296340 0.434646 0.282680 0.439957
0 0.773756 0.995111 0.774131 0.982230 0.766334 0.982003 0.765959 0.994884
0 0.545613 0.050213 0.566445 0.038076 0.536247 0.000000 0.515415 0.000000
0 0.715456 0.995686 0.715980 0.985096 0.707351 0.984670 0.706827 0.995259
0 0.247016 0.779544 0.293778 0.774629 0.291333 0.751365 0.244571 0.756280
0 0.704822 0.997704 0.704973 0.984819 0.697086 0.984726 0.696935 0.997612
0 0.835298 0.995203 0.835451 0.985430 0.829334 0.985335 0.829181 0.995107
0 0.764316 0.995056 0.764879 0.982126 0.757336 0.981798 0.756773 0.994727
0 0.817881 0.994803 0.818091 0.984666 0.811834 0.984536 0.811624 0.994674
0 0.533232 0.066036 0.549514 0.056708 0.524110 0.012367 0.507828 0.021696
0 0.382083 0.906443 0.388866 0.891574 0.380923 0.887950 0.374141 0.902819
0 0.851276 0.995036 0.851568 0.982402 0.846423 0.982283 0.846131 0.994917
0 0.727847 0.997443 0.728011 0.984664 0.718053 0.984536 0.717889 0.997314
0 0.532562 0.901997 0.548883 0.893874 0.545161 0.886395 0.528839 0.894517
0 0.858507 0.994643 0.859177 0.982897 0.854076 0.982606 0.853407 0.994352
0 0.452364 0.094110 0.578245 0.039131 0.543818 0.000000 0.417936 0.015282
0 0.886395 0.995292 0.886463 0.984821 0.879538 0.984776 0.879470 0.995247
0 0.867406 0.995245 0.867912 0.984837 0.861251 0.984513 0.860745 0.994921
0 0.694806 0.995669 0.695049 0.984974 0.688728 0.984830 0.688484 0.995525
0 0.643229 0.825072 0.648546 0.809854 0.640414 0.807013 0.635098 0.822231
0 0.745909 0.995676 0.747124 0.982925 0.735344 0.981802 0.734129 0.994553
0 0.534832 0.438278 0.548477 0.414727 0.537082 0.408124 0.523437 0.431675
0 0.755654 0.995249 0.756096 0.982170 0.747458 0.981879 0.747016 0.994957
