0 0.411408 0.587313 0.424939 0.578244 0.401342 0.543039 0.387811 0.552108
0 0.534641 0.786977 0.551716 0.776598 0.524064 0.731107 0.506990 0.741485
0 0.246313 0.546198 0.265901 0.525962 0.256051 0.516427 0.236463 0.536662
0 0.501399 0.724088 0.516373 0.716798 0.497861 0.678769 0.482886 0.686059
0 0.340404 0.646816 0.353523 0.645691 0.350700 0.612788 0.337582 0.613914
0 0.309499 0.432435 0.323957 0.413208 0.314646 0.406206 0.300188 0.425433
0 0.246044 0.350281 0.258240 0.331129 0.249740 0.325716 0.237543 0.344868
0 0.029355 0.187495 0.047372 0.185530 0.046549 0.177988 0.028532 0.179952
0 0.352781 0.492188 0.360521 0.471257 0.350960 0.467721 0.343220 0.488653
0 0.382300 0.218253 0.448314 0.194605 0.443522 0.181229 0.377508 0.204877
0 0.161894 0.265561 0.183203 0.259115 0.179670 0.247435 0.158360 0.253882
0 0.165582 0.528186 0.173763 0.510346 0.164719 0.506198 0.156538 0.524039
0 0.121610 0.337772 0.137060 0.331615 0.134350 0.324815 0.118900 0.330972
0 0.380146 0.528727 0.389767 0.513442 0.383092 0.509241 0.373471 0.524527
0 0.783088 0.995107 0.783623 0.981789 0.775985 0.981482 0.775451 0.994800
0 0.371745 0.514256 0.383973 0.501861 0.378361 0.496324 0.366133 0.508719
0 0.187186 0.461790 0.201362 0.433406 0.183480 0.424475 0.169304 0.452859
0 0.796931 0.995179 0.797327 0.982075 0.789987 0.981853 0.789591 0.994957
0 0.773808 0.995148 0.774176 0.982405 0.766275 0.982178 0.765908 0.994920
0 0.835299 0.995224 0.835458 0.985194 0.829209 0.985095 0.829050 0.995125
