0 0.879994 0.935960 0.884570 0.905390 0.872445 0.903575 0.867870 0.934145
0 0.725613 0.682565 0.738908 0.681035 0.734230 0.640393 0.720936 0.641923
0 0.781679 0.828850 0.792783 0.828023 0.790634 0.799168 0.779530 0.799994
0 0.806838 0.783604 0.806267 0.754021 0.793754 0.754262 0.794325 0.783846
0 0.749335 0.786115 0.760721 0.784159 0.756081 0.757155 0.744695 0.759111
0 0.865145 0.929823 0.869952 0.902251 0.858223 0.900206 0.853416 0.927778
0 0.917332 0.943782 0.923847 0.910812 0.911009 0.908275 0.904494 0.941245
0 0.839626 0.825058 0.851746 0.824158 0.849590 0.795135 0.837470 0.796035
0 0.808480 0.825280 0.808392 0.792293 0.796808 0.792324 0.796897 0.825311
0 0.536420 0.776967 0.564708 0.742087 0.551451 0.731335 0.523162 0.766216
0 0.902222 0.939158 0.907638 0.913049 0.896795 0.910800 0.891380 0.936909
0 0.670400 0.453955 0.865171 0.356563 0.825022 0.276272 0.630251 0.373665
0 0.274793 0.186356 0.298606 0.141976 0.282328 0.133241 0.258515 0.177621
0 0.549676 0.845575 0.574623 0.807696 0.560773 0.798574 0.535826 0.836454
0 0.790625 0.773446 0.790306 0.748175 0.778420 0.748325 0.778738 0.773596
0 0.833824 0.782310 0.834682 0.756916 0.824028 0.756556 0.823169 0.781950
0 0.539160 0.676938 0.547349 0.649075 0.535878 0.645704 0.527689 0.673567
0 0.880009 0.795893 0.881017 0.765542 0.869934 0.765174 0.868926 0.795525
0 0.308948 0.250085 0.309047 0.234313 0.273183 0.234086 0.273084 0.249858
0 0.735590 0.789859 0.746909 0.787835 0.742525 0.763330 0.731206 0.765355
0 0.558151 0.946064 0.579778 0.907615 0.564292 0.898904 0.542665 0.937353
0 0.835793 0.826362 0.835663 0.794874 0.822736 0.794927 0.822865 0.826415
0 0.884980 0.840736 0.897141 0.839826 0.894928 0.810260 0.882767 0.811170
0 0.729836 0.741688 0.742389 0.740511 0.739752 0.712391 0.727200 0.713568
0 0.180653 0.020338 0.203211 0.002714 0.194853 0.000000 0.172295 0.009641
0 0.871312 0.843921 0.883202 0.843171 0.881560 0.817151 0.869670 0.817901
0 0.513677 0.580509 0.514731 0.565224 0.474082 0.562421 0.473028 0.577706
0 0.916560 0.801510 0.927198 0.800985 0.925856 0.773792 0.915219 0.774317
0 0.746563 0.733705 0.757525 0.732675 0.755203 0.707963 0.744241 0.708993
0 0.723138 0.631660 0.734417 0.630934 0.732772 0.605370 0.721492 0.606096
0 0.740244 0.661107 0.750103 0.660170 0.747788 0.635810 0.737928 0.636747
0 0.733796 0.782451 0.796846 0.778096 0.783687 0.587589 0.720637 0.591944
0 0.738220 0.632155 0.747982 0.631411 0.746065 0.606256 0.736303 0.607000
0 0.648822 0.506953 0.684038 0.497849 0.680290 0.483350 0.645074 0.492455
0 0.695475 0.734071 0.708155 0.730292 0.663736 0.581270 0.651056 0.585050
0 0.783018 0.995771 0.783877 0.981359 0.776180 0.980900 0.775321 0.995312
0 0.687939 0.516436 0.684130 0.501930 0.649135 0.511120 0.652945 0.525626
0 0.912149 0.760430 0.911891 0.752255 0.893608 0.752831 0.893866 0.761006
0 0.773785 0.995527 0.774508 0.981049 0.766462 0.980647 0.765739 0.995125
0 0.851101 0.994767 0.851453 0.981750 0.846405 0.981614 0.846053 0.994631
0 0.796976 0.996217 0.797545 0.982104 0.789257 0.981770 0.788688 0.995883
0 0.772660 0.656953 0.770691 0.635554 0.761118 0.636435 0.763087 0.657834
0 0.649109 0.523237 0.789374 0.484749 0.782668 0.460309 0.642403 0.498797
0 0.702881 0.509711 0.731293 0.503450 0.728225 0.489525 0.699812 0.495786
0 0.847984 0.762951 0.864563 0.757621 0.861973 0.749565 0.845394 0.754895
0 0.941098 0.839478 0.939283 0.740203 0.795640 0.742830 0.797455 0.842105
0 0.858332 0.994397 0.859131 0.982255 0.854158 0.981928 0.853358 0.994069
0 0.917087 0.961350 0.924822 0.910074 0.856952 0.899836 0.849217 0.951112
0 0.749597 0.481624 0.772886 0.473557 0.769260 0.463089 0.745971 0.471156
0 0.789853 0.521501 0.812836 0.515716 0.791391 0.430510 0.768408 0.436295
0 0.618906 0.920402 0.618186 0.892510 0.603719 0.892883 0.604439 0.920775
0 0.887724 0.816449 0.890498 0.766650 0.881094 0.766126 0.878319 0.815925
0 0.705013 0.997982 0.705122 0.984411 0.696968 0.984346 0.696860 0.997917
0 0.808531 0.995887 0.808861 0.983190 0.803156 0.983042 0.802827 0.995739
0 0.805098 0.995615 0.805098 0.982602 0.799011 0.982602 0.799011 0.995615
0 0.817926 0.995264 0.818159 0.984005 0.811901 0.983875 0.811669 0.995135
0 0.846506 0.906096 0.846424 0.896626 0.828183 0.896784 0.828265 0.906253
0 0.835527 0.995209 0.835666 0.984607 0.829207 0.984523 0.829068 0.995124
0 0.895640 0.824147 0.897115 0.753593 0.878539 0.753204 0.877063 0.823758
0 0.764251 0.995521 0.765077 0.981698 0.757431 0.981241 0.756605 0.995064
0 0.925641 0.839693 0.935099 0.839457 0.933147 0.761236 0.923689 0.761472
