0 0.458507 0.455809 0.461633 0.438898 0.420774 0.431345 0.417648 0.448255
0 0.478526 0.601613 0.480363 0.585714 0.446297 0.581776 0.444460 0.597676
0 0.439555 0.367214 0.477156 0.361103 0.474493 0.344715 0.436891 0.350826
0 0.408285 0.525080 0.413475 0.510873 0.382390 0.499518 0.377201 0.513725
0 0.592373 0.314781 0.622453 0.302829 0.617191 0.289587 0.587111 0.301539
0 0.761585 0.647436 0.768328 0.618504 0.756804 0.615818 0.750060 0.644750
0 0.374557 0.260898 0.403285 0.248949 0.397321 0.234611 0.368594 0.246560
0 0.690180 0.760803 0.693492 0.728348 0.681559 0.727130 0.678246 0.759585
0 0.821492 0.407993 0.835039 0.386784 0.825816 0.380893 0.812270 0.402102
0 0.841229 0.777365 0.861125 0.756330 0.852855 0.748508 0.832959 0.769543
0 0.589707 0.706687 0.621017 0.695231 0.615293 0.679587 0.583983 0.691044
0 0.730571 0.339699 0.754736 0.324010 0.747885 0.313459 0.723721 0.329148
0 0.544041 0.088114 0.564734 0.071940 0.556881 0.061894 0.536188 0.078069
0 0.972029 0.876762 0.990492 0.845232 0.977403 0.837568 0.958940 0.869098
0 0.569510 0.131323 0.594515 0.122128 0.590528 0.111285 0.565523 0.120480
0 0.364244 0.407794 0.365779 0.394232 0.335466 0.390802 0.333931 0.404364
0 0.810213 0.339898 0.823898 0.312837 0.813144 0.307399 0.799460 0.334460
0 0.604728 0.944100 0.616515 0.918242 0.605433 0.913190 0.593646 0.939048
0 0.050830 0.191393 0.060413 0.160976 0.048489 0.157219 0.038905 0.187635
0 0.397240 0.163901 0.420499 0.149097 0.413787 0.138550 0.390527 0.153355
0 0.556315 0.974020 0.565026 0.947293 0.552964 0.943362 0.544252 0.970088
0 0.615267 0.863626 0.635733 0.835362 0.624026 0.826885 0.603560 0.855149
0 0.105540 0.374858 0.135254 0.366305 0.131440 0.353053 0.101726 0.361607
0 0.682308 0.954835 0.699654 0.921481 0.687731 0.915280 0.670385 0.948635
0 0.368053 0.780147 0.397943 0.769383 0.393601 0.757325 0.363711 0.768089
0 0.672947 0.293702 0.708855 0.285447 0.705533 0.270995 0.669625 0.279250
0 0.397493 0.887046 0.418557 0.877613 0.413694 0.866754 0.392630 0.876188
0 0.699716 0.501459 0.715251 0.484778 0.707736 0.477780 0.692201 0.494462
0 0.895578 0.942451 0.916795 0.919086 0.907296 0.910461 0.886079 0.933825
0 0.163361 0.644438 0.208890 0.628560 0.203546 0.613237 0.158017 0.629115
0 0.655798 0.654060 0.677922 0.644283 0.674102 0.635637 0.651977 0.645414
0 0.427275 0.985159 0.465215 0.961670 0.456758 0.948010 0.418817 0.971498
0 0.982817 0.969507 0.991205 0.945534 0.980627 0.941833 0.972239 0.965806
0 0.815632 0.928791 0.839074 0.903331 0.829206 0.894244 0.805763 0.919703
0 0.106434 0.720306 0.142944 0.709289 0.138104 0.693250 0.101594 0.704268
0 0.530326 0.612475 0.560412 0.607332 0.558143 0.594059 0.528058 0.599202
0 0.764530 0.735983 0.780118 0.712176 0.770527 0.705895 0.754938 0.729703
0 0.278040 0.280868 0.303138 0.277386 0.301242 0.263720 0.276145 0.267201
0 0.858760 0.388455 0.871307 0.373306 0.864302 0.367504 0.851755 0.382653
0 0.179548 0.299663 0.182349 0.287431 0.155373 0.281255 0.152572 0.293487
0 0.101692 0.564088 0.124830 0.546322 0.117443 0.536702 0.094305 0.554467
0 0.408885 0.020090 0.412994 0.007295 0.374008 0.000000 0.369898 0.007568
0 0.150363 0.449391 0.196365 0.446996 0.195293 0.426399 0.149291 0.428794
0 0.783512 0.996230 0.783969 0.981251 0.775938 0.981006 0.775482 0.995985
0 0.026495 0.784106 0.075604 0.780605 0.074370 0.763305 0.025262 0.766806
0 0.655699 0.426368 0.669111 0.418103 0.665024 0.411471 0.651612 0.419735
0 0.656518 0.350507 0.669312 0.336731 0.663186 0.331042 0.650392 0.344818
0 0.856896 0.477183 0.865823 0.460055 0.857892 0.455922 0.848966 0.473050
0 0.764337 0.995314 0.764912 0.981692 0.757070 0.981361 0.756496 0.994983
0 0.796763 0.996067 0.797194 0.981782 0.789609 0.981553 0.789177 0.995838
0 0.774233 0.995793 0.774539 0.981663 0.766097 0.981480 0.765791 0.995610
0 0.704985 0.997907 0.705167 0.984731 0.697339 0.984623 0.697157 0.997799
0 0.973948 0.997863 0.975250 0.985262 0.967146 0.984425 0.965844 0.997026
0 0.542740 0.397580 0.554472 0.383338 0.548179 0.378154 0.536447 0.392397
0 0.496771 0.173006 0.511419 0.164015 0.506640 0.156231 0.491993 0.165222
0 0.835326 0.995413 0.835438 0.985203 0.829206 0.985135 0.829094 0.995344
0 0.694583 0.995842 0.694865 0.984792 0.688908 0.984640 0.688626 0.995689
0 0.603548 0.043729 0.622084 0.039219 0.620291 0.031850 0.601755 0.036360
0 0.851019 0.995100 0.851396 0.981734 0.846392 0.981593 0.846014 0.994959
0 0.866704 0.995686 0.867203 0.984397 0.861237 0.984133 0.860738 0.995422
0 0.817885 0.995145 0.818093 0.984208 0.811931 0.984091 0.811723 0.995028
0 0.755650 0.995823 0.756060 0.981744 0.747203 0.981487 0.746793 0.995565
0 0.858309 0.994953 0.859106 0.982238 0.854214 0.981931 0.853417 0.994646
0 0.715421 0.995668 0.715726 0.985080 0.707127 0.984832 0.706822 0.995420
0 0.886156 0.995860 0.886304 0.984985 0.879960 0.984899 0.879812 0.995774
0 0.914271 0.995566 0.914687 0.984281 0.907219 0.984005 0.906803 0.995290
0 0.964182 0.996333 0.965336 0.985298 0.956997 0.984425 0.955842 0.995460
0 0.986592 0.996309 0.987627 0.984684 0.979705 0.983979 0.978670 0.995604
0 0.826970 0.995352 0.827074 0.984986 0.821531 0.984931 0.821428 0.995296
0 0.726871 0.997539 0.727094 0.984554 0.717990 0.984398 0.717767 0.997383
0 0.869144 0.995357 0.869553 0.985144 0.863602 0.984906 0.863193 0.995118
0 0.923710 0.995686 0.923988 0.984527 0.916515 0.984341 0.916236 0.995500
0 0.996522 0.996093 0.997815 0.986814 0.989561 0.985664 0.988269 0.994943
0 0.808395 0.995661 0.808543 0.982917 0.802844 0.982851 0.802696 0.995595
0 0.745900 0.996152 0.747327 0.982747 0.735348 0.981472 0.733921 0.994877
0 0.007666 0.011005 0.008503 0.000000 0.000000 0.000000 0.000000 0.010367
0 0.728098 0.998175 0.728714 0.983460 0.720823 0.983130 0.720207 0.997845
0 0.951179 0.995837 0.951859 0.984760 0.944083 0.984283 0.943403 0.995360
0 0.805314 0.995342 0.805139 0.982209 0.799423 0.982285 0.799598 0.995418
0 0.252204 0.031869 0.256694 0.013795 0.221147 0.004964 0.216657 0.023039
0 0.932361 0.995004 0.932447 0.984179 0.926543 0.984132 0.926457 0.994957
0 0.686181 0.995344 0.686399 0.984800 0.681431 0.984697 0.681213 0.995241
0 0.599443 0.615873 0.599382 0.606269 0.566930 0.606476 0.566991 0.616080
0 0.404283 0.035214 0.409920 0.018658 0.343307 0.000000 0.337669 0.012530
0 0.824805 0.995216 0.824880 0.984514 0.818814 0.984472 0.818739 0.995174
0 0.809759 0.994537 0.809889 0.983480 0.804247 0.983414 0.804118 0.994471
0 0.256080 0.023492 0.258721 0.000000 0.215146 0.000000 0.212505 0.018713
0 1.000000 0.477835 1.000000 0.462812 0.994316 0.462807 0.994305 0.477831
0 0.525589 0.311882 0.535937 0.305981 0.532537 0.300018 0.522189 0.305919
0 0.852802 0.995335 0.853149 0.983192 0.848485 0.983059 0.848138 0.995202
0 0.404281 0.036210 0.409808 0.019941 0.342422 0.000000 0.336895 0.013317
0 0.674379 0.994687 0.674889 0.982731 0.669066 0.982482 0.668555 0.994438
