0 0.112779 0.981065 0.125622 0.968768 0.089833 0.931393 0.076990 0.943690
0 0.037943 0.023505 0.047935 0.012461 0.023551 0.000000 0.013560 0.001446
0 0.673288 0.620060 0.685789 0.610927 0.661214 0.577288 0.648713 0.586421
0 0.584784 0.683250 0.595529 0.677926 0.584984 0.656645 0.574239 0.661969
0 0.783091 0.995238 0.783668 0.981365 0.776083 0.981049 0.775505 0.994923
0 0.145013 0.855627 0.160992 0.849885 0.145101 0.805661 0.129121 0.811404
0 0.773740 0.995346 0.774247 0.981936 0.766375 0.981639 0.765868 0.995048
0 0.764196 0.995142 0.764875 0.981818 0.757330 0.981434 0.756651 0.994758
0 0.778772 0.639696 0.785909 0.629908 0.765674 0.615152 0.758536 0.624940
0 0.015872 0.500823 0.014973 0.444998 0.000000 0.445258 0.000000 0.501083
0 0.715376 0.995339 0.715688 0.985354 0.707228 0.985089 0.706915 0.995075
0 0.796803 0.995564 0.797148 0.981640 0.789775 0.981457 0.789430 0.995381
0 0.836528 0.187373 0.846663 0.176538 0.816680 0.148491 0.806545 0.159326
0 0.755523 0.995479 0.756073 0.981883 0.747643 0.981543 0.747093 0.995138
0 0.704476 0.997589 0.704621 0.984878 0.697175 0.984793 0.697030 0.997505
0 0.624406 0.052785 0.637959 0.045814 0.619611 0.010142 0.606058 0.017113
0 0.745923 0.995978 0.747332 0.982914 0.735502 0.981637 0.734092 0.994701
0 0.851053 0.994872 0.851412 0.982216 0.846423 0.982075 0.846065 0.994731
0 0.728116 0.997844 0.728719 0.983406 0.720761 0.983074 0.720158 0.997512
0 0.835296 0.995368 0.835399 0.985181 0.829259 0.985120 0.829156 0.995306
0 0.817999 0.994828 0.818124 0.984187 0.811891 0.984114 0.811767 0.994755
0 0.858402 0.994527 0.859138 0.982689 0.854142 0.982378 0.853407 0.994216
