0 0.561463 0.253870 0.564110 0.222469 0.488849 0.216124 0.486201 0.247524
0 0.181956 0.188222 0.194723 0.158967 0.182546 0.153653 0.169779 0.182908
0 0.245683 0.691042 0.258184 0.638358 0.238592 0.633709 0.226091 0.686393
0 0.277564 0.145746 0.290905 0.098747 0.273735 0.093873 0.260393 0.140872
0 0.449268 0.614043 0.452270 0.567199 0.436734 0.566204 0.433732 0.613047
0 0.509140 0.449219 0.509318 0.431041 0.463449 0.430590 0.463271 0.448768
0 0.590515 0.123929 0.598210 0.101611 0.544549 0.083110 0.536854 0.105428
0 0.275122 0.906662 0.299174 0.861777 0.282593 0.852891 0.258540 0.897777
0 0.180443 0.740644 0.204567 0.723492 0.196706 0.712436 0.172582 0.729588
0 0.639775 0.044363 0.649913 0.019927 0.575574 0.000000 0.565436 0.013521
0 0.330691 0.389551 0.330878 0.335844 0.310388 0.335773 0.310202 0.389480
0 0.503828 0.506039 0.504794 0.479695 0.493382 0.479276 0.492416 0.505621
0 0.308241 0.970235 0.308654 0.955541 0.273503 0.954552 0.273089 0.969246
0 0.162639 0.686568 0.171446 0.656601 0.160130 0.653276 0.151324 0.683243
0 0.260201 0.532839 0.283828 0.492689 0.266107 0.482261 0.242480 0.522410
0 0.298865 0.027969 0.319821 0.001661 0.307902 0.000000 0.286946 0.018475
0 0.989426 0.556518 0.989910 0.546451 0.970276 0.545507 0.969792 0.555574
0 0.214514 0.247367 0.233468 0.222456 0.223233 0.214669 0.204280 0.239580
0 0.138523 0.452128 0.147929 0.428326 0.136225 0.423701 0.126819 0.447503
0 0.512620 0.623586 0.525848 0.436968 0.458921 0.432224 0.445692 0.618842
0 0.963192 0.453308 0.982690 0.450164 0.980917 0.439164 0.961418 0.442308
0 0.187036 0.073557 0.217090 0.067180 0.214353 0.054282 0.184299 0.060660
0 0.962103 0.438650 0.980517 0.435559 0.978913 0.425998 0.960498 0.429088
0 0.986376 0.577685 0.986820 0.567532 0.966100 0.566625 0.965656 0.576778
0 0.986174 0.566677 0.986850 0.557323 0.968673 0.556009 0.967996 0.565363
0 0.493001 0.535334 0.493680 0.512710 0.483572 0.512406 0.482893 0.535031
0 0.333397 0.222460 0.353042 0.183958 0.338195 0.176382 0.318550 0.214884
0 0.470572 0.505880 0.472543 0.485637 0.464544 0.484858 0.462572 0.505101
0 0.695664 0.577561 0.699816 0.542132 0.656888 0.537101 0.652736 0.572531
0 0.478512 0.506734 0.479914 0.487634 0.472540 0.487093 0.471139 0.506193
0 0.498788 0.595587 0.499364 0.588104 0.481885 0.586758 0.481308 0.594241
0 0.501330 0.586241 0.502017 0.579005 0.483813 0.577277 0.483126 0.584513
0 0.501653 0.532637 0.502699 0.515652 0.495474 0.515207 0.494428 0.532193
0 0.489332 0.508070 0.490261 0.489182 0.482109 0.488781 0.481180 0.507669
0 0.985434 0.585803 0.985778 0.576364 0.967153 0.575684 0.966809 0.585123
