0 0.486550 0.968333 0.486565 0.956970 0.450187 0.956923 0.450172 0.968287
0 0.783013 0.995032 0.783524 0.981932 0.776061 0.981640 0.775550 0.994741
0 0.773702 0.995036 0.774032 0.982311 0.766312 0.982111 0.765982 0.994836
0 0.796980 0.995347 0.797329 0.982202 0.789995 0.982007 0.789646 0.995152
0 0.764290 0.994969 0.764781 0.982227 0.757389 0.981942 0.756898 0.994684
0 0.715681 0.995400 0.716069 0.985079 0.707257 0.984748 0.706869 0.995069
0 0.835297 0.995178 0.835398 0.985330 0.829274 0.985267 0.829174 0.995115
0 0.933606 0.357914 0.933805 0.343339 0.855482 0.342270 0.855283 0.356845
0 0.746139 0.995620 0.747366 0.982944 0.735211 0.981768 0.733985 0.994444
0 0.937292 0.230364 0.937390 0.219004 0.881160 0.218521 0.881062 0.229882
0 0.851009 0.994804 0.851350 0.982538 0.846546 0.982405 0.846205 0.994671
0 0.727825 0.997404 0.728086 0.984715 0.718108 0.984510 0.717847 0.997198
0 0.817961 0.994739 0.818159 0.984606 0.811735 0.984480 0.811537 0.994613
0 0.931310 0.841975 0.931336 0.832163 0.890239 0.832054 0.890213 0.841867
0 0.858372 0.994456 0.859029 0.982988 0.854196 0.982711 0.853539 0.994180
0 0.046732 0.155290 0.046802 0.145850 0.004885 0.145537 0.004815 0.154977
0 0.704831 0.997674 0.705016 0.984803 0.697175 0.984691 0.696991 0.997562
0 0.502766 0.594583 0.502645 0.579340 0.419304 0.580003 0.419425 0.595245
0 0.755613 0.995196 0.756035 0.982290 0.747837 0.982022 0.747415 0.994928
0 0.752139 0.181039 0.752241 0.168854 0.687653 0.168313 0.687551 0.180497
0 0.867071 0.995192 0.867572 0.984825 0.861254 0.984519 0.860753 0.994887
0 0.886469 0.995415 0.886543 0.984994 0.879605 0.984945 0.879531 0.995365
0 0.935798 0.355462 0.935610 0.344254 0.882342 0.345149 0.882530 0.356358
