0 0.469220 0.499067 0.478570 0.472683 0.431296 0.455930 0.421946 0.482314
0 0.880010 0.217205 0.884624 0.186396 0.872468 0.184576 0.867854 0.215384
0 0.749437 0.067222 0.760627 0.065224 0.755927 0.038904 0.744737 0.040902
0 0.781847 0.110143 0.792828 0.109355 0.790763 0.080617 0.779783 0.081406
0 0.806978 0.065043 0.806458 0.035044 0.793811 0.035263 0.794331 0.065262
0 0.917401 0.224832 0.924039 0.191992 0.911121 0.189381 0.904483 0.222221
0 0.865107 0.211112 0.869891 0.183398 0.858186 0.181377 0.853402 0.209091
0 0.839644 0.106392 0.851757 0.105579 0.849795 0.076348 0.837682 0.077161
0 0.808593 0.106662 0.808424 0.073428 0.797047 0.073485 0.797216 0.106720
0 0.790539 0.054960 0.790205 0.029227 0.778493 0.029379 0.778827 0.055112
0 0.557992 0.227249 0.579757 0.189683 0.564439 0.180808 0.542673 0.218373
0 0.675074 0.926057 0.680984 0.901738 0.638990 0.891532 0.633079 0.915851
0 0.833905 0.063613 0.834848 0.037871 0.824157 0.037479 0.823214 0.063221
0 0.902180 0.220485 0.907748 0.194163 0.896876 0.191863 0.891308 0.218185
0 0.549824 0.127050 0.574552 0.089419 0.560539 0.080211 0.535812 0.117842
0 0.735638 0.070773 0.746504 0.068862 0.742347 0.045221 0.731481 0.047132
0 0.536521 0.058399 0.564759 0.023532 0.551303 0.012634 0.523064 0.047500
0 0.880554 0.078039 0.881096 0.045719 0.870160 0.045536 0.869618 0.077856
0 0.835837 0.107411 0.835617 0.075845 0.822797 0.075934 0.823016 0.107500
0 0.885904 0.121674 0.898153 0.120655 0.895632 0.090355 0.883383 0.091374
0 0.828875 0.356708 0.830445 0.346730 0.812139 0.343850 0.810569 0.353829
0 0.871227 0.125136 0.883218 0.124475 0.881779 0.098346 0.869787 0.099007
0 0.806352 0.352389 0.807167 0.341612 0.784002 0.339862 0.783188 0.350639
0 0.740410 0.022288 0.739395 0.000137 0.728766 0.000624 0.729781 0.022775
0 0.916481 0.082845 0.927403 0.082364 0.926182 0.054614 0.915260 0.055095
0 0.829369 0.375004 0.830887 0.364640 0.810657 0.361676 0.809139 0.372041
0 0.804812 0.363098 0.805723 0.352228 0.783411 0.350357 0.782500 0.361228
0 0.734963 0.024358 0.749224 0.016340 0.741212 0.002089 0.726951 0.010107
0 0.823347 0.320136 0.824353 0.309154 0.803144 0.307212 0.802138 0.318194
0 0.619232 0.202123 0.618891 0.173195 0.604352 0.173367 0.604693 0.202294
0 0.756129 0.014194 0.755869 0.000000 0.747674 0.000102 0.747934 0.014344
0 0.805717 0.341093 0.806670 0.330869 0.784023 0.328760 0.783071 0.338984
0 0.911665 0.041640 0.911460 0.033836 0.893778 0.034300 0.893983 0.042104
0 0.802081 0.384831 0.803359 0.373784 0.780577 0.371147 0.779299 0.382195
0 0.916708 0.238369 0.924051 0.191149 0.857665 0.180827 0.850323 0.228047
0 0.742218 0.068662 0.756938 0.067049 0.749995 0.003700 0.735275 0.005314
0 0.803139 0.329837 0.804139 0.319553 0.784744 0.317666 0.783744 0.327950
0 0.803474 0.398245 0.804815 0.386914 0.781834 0.384194 0.780493 0.395525
0 0.940034 0.118055 0.937198 0.020180 0.795812 0.024277 0.798648 0.122152
0 0.803466 0.372722 0.804470 0.362805 0.782785 0.360610 0.781781 0.370527
0 0.846600 0.186766 0.846233 0.177301 0.827697 0.178019 0.828064 0.187485
0 0.847601 0.044234 0.864256 0.039171 0.861775 0.031010 0.845120 0.036072
0 0.798085 0.408268 0.799516 0.398146 0.780469 0.395454 0.779038 0.405576
0 0.822238 0.402835 0.823643 0.392208 0.805758 0.389844 0.804353 0.400470
0 0.752851 0.013611 0.752954 0.000000 0.743613 0.000000 0.743511 0.013542
0 0.703424 0.011780 0.705721 0.000129 0.692845 0.000000 0.690548 0.009242
0 0.895386 0.107032 0.896504 0.034403 0.878749 0.034129 0.877630 0.106759
0 0.887354 0.100950 0.890777 0.049024 0.881203 0.048393 0.877780 0.100319
0 0.822329 0.420376 0.823537 0.411059 0.805791 0.408758 0.804583 0.418075
0 0.805054 0.296573 0.806231 0.285098 0.781664 0.282579 0.780488 0.294054
