0 0.539510 0.507395 0.555183 0.498840 0.529878 0.452475 0.514205 0.461029
0 0.649506 0.045427 0.665083 0.041347 0.654326 0.000270 0.638748 0.004350
0 0.783124 0.995368 0.783623 0.981538 0.776003 0.981264 0.775504 0.995093
0 0.773798 0.995523 0.774216 0.981907 0.766331 0.981665 0.765913 0.995280
0 0.764152 0.995322 0.764803 0.981852 0.757350 0.981492 0.756699 0.994962
0 0.796861 0.995681 0.797265 0.981940 0.789804 0.981721 0.789399 0.995462
0 0.523732 0.911041 0.538786 0.904320 0.519987 0.862210 0.504933 0.868931
0 0.705022 0.997859 0.705168 0.984573 0.697146 0.984485 0.697000 0.997771
0 0.765154 0.882551 0.771641 0.868377 0.735314 0.851750 0.728827 0.865925
0 0.851198 0.994998 0.851571 0.982098 0.846414 0.981949 0.846041 0.994849
0 0.755583 0.995548 0.756037 0.981852 0.747548 0.981571 0.747094 0.995266
0 0.858512 0.994697 0.859295 0.982558 0.854160 0.982227 0.853377 0.994366
0 0.835448 0.995417 0.835614 0.985323 0.829260 0.985218 0.829093 0.995313
0 0.463588 0.380192 0.474501 0.374095 0.460091 0.348304 0.449178 0.354401
0 0.817919 0.995013 0.818113 0.984499 0.811841 0.984383 0.811647 0.994897
0 0.867336 0.995516 0.867852 0.984647 0.861223 0.984332 0.860707 0.995201
0 0.055514 0.639504 0.062392 0.630020 0.042041 0.615262 0.035163 0.624745
0 0.715479 0.995502 0.715787 0.984975 0.706798 0.984712 0.706490 0.995239
0 0.914164 0.995384 0.914488 0.984378 0.907183 0.984163 0.906858 0.995169
0 0.886303 0.995462 0.886346 0.984907 0.879536 0.984879 0.879493 0.995434
0 0.611397 0.392637 0.619556 0.382738 0.600061 0.366669 0.591902 0.376568
0 0.923587 0.995574 0.923825 0.984575 0.916428 0.984415 0.916190 0.995413
0 0.869167 0.995177 0.869569 0.985037 0.863127 0.984782 0.862726 0.994922
0 0.727979 0.998055 0.728622 0.983440 0.720084 0.983065 0.719442 0.997680
0 0.826942 0.995188 0.827075 0.985212 0.821452 0.985137 0.821319 0.995113
0 0.746276 0.996007 0.747654 0.982888 0.735321 0.981593 0.733943 0.994712
0 0.808050 0.995400 0.808214 0.983311 0.802722 0.983236 0.802558 0.995326
0 0.805292 0.995185 0.805213 0.982647 0.799510 0.982683 0.799589 0.995221
0 0.974310 0.997656 0.975430 0.985359 0.966970 0.984589 0.965850 0.996886
0 0.804471 0.740586 0.816444 0.735938 0.804790 0.705914 0.792817 0.710561
0 0.391097 0.192507 0.400436 0.182503 0.378812 0.162316 0.369473 0.172319
0 0.964547 0.996089 0.965436 0.985245 0.956495 0.984512 0.955606 0.995356
0 0.113425 0.186978 0.123300 0.176320 0.093014 0.148258 0.083139 0.158915
0 0.694939 0.995714 0.695171 0.984439 0.688592 0.984304 0.688359 0.995578
