0 0.148503 0.489310 0.170710 0.457069 0.160162 0.449803 0.137954 0.482044
0 0.313344 0.677370 0.322857 0.664543 0.279722 0.632552 0.270209 0.645378
0 0.129708 0.490084 0.213943 0.371727 0.200806 0.362377 0.116572 0.480734
0 0.129130 0.538268 0.136634 0.528146 0.111748 0.509696 0.104244 0.519819
0 0.270882 0.608990 0.280330 0.597779 0.248238 0.570730 0.238789 0.581941
0 0.220205 0.571180 0.226742 0.562390 0.205814 0.546826 0.199277 0.555616
0 0.836951 0.912360 0.846993 0.901723 0.817349 0.873738 0.807308 0.884374
0 0.440778 0.652368 0.451062 0.641465 0.422251 0.614288 0.411967 0.625191
0 0.261130 0.399212 0.266963 0.389781 0.247423 0.377696 0.241591 0.387127
0 0.336927 0.805500 0.347835 0.795700 0.321196 0.766051 0.310289 0.775850
0 0.038377 0.748239 0.047537 0.737723 0.022739 0.716122 0.013579 0.726638
0 0.974369 0.997861 0.975608 0.985250 0.966936 0.984398 0.965697 0.997009
0 0.048747 0.463408 0.055627 0.453974 0.002473 0.415207 0.000000 0.424640
0 0.237073 0.726018 0.248988 0.723461 0.242387 0.692701 0.230472 0.695258
0 0.705193 0.998002 0.705356 0.984598 0.697049 0.984497 0.696886 0.997901
0 0.783312 0.995375 0.783939 0.981452 0.775970 0.981094 0.775343 0.995016
0 0.764254 0.995447 0.765006 0.981812 0.757248 0.981385 0.756496 0.995019
0 0.075352 0.995684 0.077103 0.975267 0.062133 0.973983 0.060382 0.994400
0 0.773859 0.995538 0.774418 0.981962 0.766281 0.981626 0.765721 0.995202
0 0.812915 0.257538 0.824902 0.255655 0.819631 0.222109 0.807644 0.223992
0 0.525731 0.153844 0.538431 0.149538 0.528970 0.121639 0.516271 0.125945
0 0.755697 0.995800 0.756263 0.981813 0.747508 0.981459 0.746943 0.995446
