0 0.830568 0.340668 0.843366 0.333824 0.822592 0.294977 0.809794 0.301821
0 0.816505 0.358757 0.831737 0.350130 0.804855 0.302668 0.789623 0.311296
0 0.755488 0.382409 0.769803 0.374856 0.746057 0.329850 0.731742 0.337403
0 0.932927 0.115641 0.950225 0.106856 0.920029 0.047402 0.902731 0.056187
0 0.765891 0.308321 0.780324 0.301837 0.762111 0.261297 0.747678 0.267782
0 0.421707 0.677880 0.435827 0.670711 0.415391 0.630462 0.401271 0.637631
0 0.860009 0.264292 0.873559 0.257695 0.853574 0.216644 0.840024 0.223241
0 0.596783 0.592073 0.613579 0.584154 0.587091 0.527975 0.570295 0.535894
0 0.694399 0.246914 0.706076 0.240665 0.687409 0.205782 0.675732 0.212030
0 0.559619 0.610390 0.574895 0.602696 0.550718 0.554698 0.535442 0.562392
0 0.617520 0.581270 0.632514 0.574383 0.612250 0.530268 0.597256 0.537155
0 0.773346 0.507686 0.787585 0.500194 0.766321 0.459781 0.752081 0.467273
0 0.943576 0.290659 0.957875 0.283280 0.934976 0.238912 0.920677 0.246291
0 0.662645 0.426293 0.675957 0.419493 0.653954 0.376419 0.640642 0.383218
0 0.461745 0.659278 0.476415 0.651442 0.450087 0.602149 0.435417 0.609985
0 0.709794 0.335122 0.723344 0.328291 0.705434 0.292762 0.691883 0.299592
0 0.903779 0.303030 0.917217 0.296150 0.897068 0.256791 0.883630 0.263671
0 0.488092 0.500096 0.500360 0.494656 0.485405 0.460930 0.473137 0.466370
0 0.379468 0.559156 0.393863 0.551683 0.372432 0.510396 0.358036 0.517869
0 0.834861 0.118184 0.847402 0.112210 0.830109 0.075905 0.817568 0.081879
0 0.682480 0.425141 0.698374 0.417615 0.675156 0.368580 0.659262 0.376105
0 0.449656 0.462198 0.461426 0.456968 0.445076 0.420176 0.433307 0.425406
0 0.549950 0.479662 0.564076 0.472291 0.543449 0.432764 0.529324 0.440135
0 0.638691 0.570300 0.653035 0.563647 0.633365 0.521241 0.619020 0.527895
0 0.852400 0.472257 0.866247 0.465991 0.848211 0.426133 0.834364 0.432398
0 0.868165 0.459293 0.883800 0.452585 0.864465 0.407518 0.848829 0.414226
0 0.880109 0.254601 0.893515 0.248129 0.873086 0.205809 0.859680 0.212280
0 0.670141 0.253816 0.681264 0.248697 0.666979 0.217660 0.655856 0.222780
0 0.450674 0.361562 0.461828 0.355863 0.444508 0.321964 0.433354 0.327663
0 0.693707 0.541584 0.706587 0.535301 0.690104 0.501516 0.677225 0.507800
0 0.698690 0.405332 0.712885 0.398349 0.692337 0.356576 0.678142 0.363558
0 0.732062 0.232888 0.744918 0.226275 0.724447 0.186481 0.711591 0.193094
0 0.300866 0.376635 0.312652 0.371384 0.296124 0.334294 0.284338 0.339545
0 0.586819 0.462982 0.601192 0.455731 0.581839 0.417365 0.567466 0.424615
0 0.498985 0.638615 0.513790 0.631648 0.492153 0.585669 0.477348 0.592636
0 0.711656 0.534003 0.725393 0.528045 0.708939 0.490107 0.695202 0.496066
0 0.598410 0.295189 0.609779 0.289473 0.591735 0.253586 0.580366 0.259302
0 0.479659 0.645299 0.494941 0.637719 0.472519 0.592513 0.457236 0.600093
0 0.374552 0.501972 0.389468 0.494755 0.368658 0.451749 0.353743 0.458967
0 0.311194 0.606435 0.327531 0.597859 0.300760 0.546864 0.284423 0.555440
0 0.290709 0.614790 0.306453 0.606648 0.280920 0.557270 0.265175 0.565412
0 0.765845 0.206288 0.777192 0.201070 0.761512 0.166975 0.750165 0.172194
0 0.513441 0.497099 0.526660 0.490608 0.504495 0.445467 0.491276 0.451958
0 0.488381 0.443309 0.499970 0.437874 0.484027 0.403878 0.472438 0.409313
0 0.734941 0.524730 0.746911 0.519161 0.731327 0.485668 0.719357 0.491237
0 0.804856 0.290201 0.817331 0.285133 0.801968 0.247321 0.789493 0.252389
0 0.656383 0.364867 0.669440 0.358612 0.650543 0.319169 0.637487 0.325424
0 0.643663 0.435390 0.657449 0.428889 0.638153 0.387971 0.624367 0.394471
0 0.616803 0.276016 0.627359 0.270962 0.612815 0.240583 0.602259 0.245637
0 0.898257 0.245165 0.910247 0.238978 0.892769 0.205110 0.880779 0.211298
0 0.439297 0.310372 0.451059 0.304560 0.433824 0.269680 0.422062 0.275492
0 0.822950 0.283335 0.837025 0.276452 0.816622 0.234734 0.802548 0.241617
0 0.672224 0.354579 0.684639 0.349349 0.669634 0.313724 0.657219 0.318953
0 0.773672 0.146920 0.785592 0.141933 0.770564 0.106010 0.758643 0.110997
0 0.745176 0.216619 0.756107 0.211435 0.741706 0.181070 0.730775 0.186254
0 0.523644 0.422562 0.535985 0.416873 0.520938 0.384230 0.508597 0.389919
0 0.408789 0.323372 0.421266 0.317662 0.403941 0.279806 0.391465 0.285516
0 0.981744 0.267494 0.995172 0.261124 0.977362 0.223584 0.963935 0.229954
0 0.635153 0.276819 0.647410 0.270963 0.630569 0.235712 0.618311 0.241568
0 0.926629 0.301837 0.941374 0.294404 0.917991 0.248019 0.903246 0.255453
0 0.316740 0.366977 0.328262 0.361396 0.311120 0.326005 0.299598 0.331585
0 0.832068 0.480437 0.844233 0.473895 0.824482 0.437162 0.812317 0.443703
0 0.651792 0.206633 0.663440 0.201941 0.648471 0.164779 0.636823 0.169470
0 0.729010 0.171174 0.741293 0.165039 0.723358 0.129125 0.711074 0.135259
0 0.472280 0.517828 0.487180 0.511552 0.468793 0.467905 0.453893 0.474181
0 0.580393 0.302021 0.592862 0.295744 0.574476 0.259219 0.562007 0.265495
0 0.440480 0.666764 0.456077 0.659271 0.433260 0.611777 0.417663 0.619270
0 0.804443 0.134081 0.816956 0.128763 0.802388 0.094487 0.789875 0.099805
0 0.224041 0.412646 0.236119 0.407354 0.220419 0.371527 0.208342 0.376819
0 0.637562 0.215996 0.649706 0.209218 0.629906 0.173741 0.617762 0.180519
0 0.699000 0.186917 0.709205 0.181816 0.693232 0.149861 0.683027 0.154962
0 0.682681 0.190801 0.693833 0.185738 0.678677 0.152355 0.667525 0.157418
0 0.791454 0.359958 0.805394 0.353811 0.786401 0.310734 0.772460 0.316880
0 0.239213 0.404181 0.250072 0.398448 0.233435 0.366938 0.222576 0.372671
0 0.539585 0.316829 0.549965 0.311808 0.536191 0.283332 0.525811 0.288353
0 0.894245 0.144654 0.906239 0.138871 0.891985 0.109309 0.879991 0.115092
0 0.271307 0.623194 0.286988 0.614991 0.262273 0.567746 0.246591 0.575950
0 0.486178 0.338264 0.495837 0.334255 0.484110 0.305998 0.474450 0.310007
0 0.783274 0.202068 0.796040 0.195978 0.779011 0.160287 0.766246 0.166378
0 0.239167 0.459019 0.250409 0.453451 0.235295 0.422936 0.224053 0.428504
0 0.665536 0.197486 0.675336 0.192858 0.662419 0.165509 0.652619 0.170138
0 0.851664 0.111226 0.861327 0.106244 0.847965 0.080329 0.838303 0.085311
0 0.380285 0.338846 0.390072 0.333619 0.375562 0.306450 0.365775 0.311676
0 0.192075 0.487216 0.581366 0.301952 0.543406 0.222189 0.154115 0.407452
0 0.205641 0.417371 0.216791 0.412216 0.203253 0.382932 0.192103 0.388087
0 0.684456 0.415098 1.000000 0.254677 0.956098 0.163602 0.638459 0.324023
0 0.178938 0.435309 0.191206 0.429886 0.175972 0.395424 0.163704 0.400848
0 0.635362 0.373745 0.646060 0.368443 0.629680 0.335390 0.618981 0.340692
0 0.251581 0.630275 0.613862 0.452774 0.567654 0.358463 0.205373 0.535965
0 0.596908 0.438653 0.606636 0.434411 0.596330 0.410778 0.586603 0.415020
0 0.999749 0.253496 1.000000 0.244230 0.990405 0.189362 0.972051 0.198628
0 0.424372 0.363349 0.433696 0.358809 0.422074 0.334936 0.412750 0.339475
0 0.331479 0.359704 0.340430 0.355031 0.327813 0.330863 0.318862 0.335536
0 0.238456 0.561360 0.253634 0.554212 0.234835 0.514299 0.219658 0.521447
0 0.497091 0.325033 0.504683 0.321430 0.494162 0.299260 0.486570 0.302863
0 0.279002 0.546234 0.293755 0.539302 0.273495 0.496183 0.258742 0.503115
0 0.575815 0.309080 0.935539 0.121591 0.894491 0.042835 0.534767 0.230324
0 0.223820 0.467646 0.236841 0.461148 0.221145 0.429695 0.208123 0.436193
0 0.668337 0.583413 1.000000 0.408994 0.997035 0.346814 0.638120 0.521233
0 0.503216 0.274541 0.512356 0.269738 0.499823 0.245889 0.490684 0.250692
0 0.393254 0.329273 0.403293 0.323819 0.388123 0.295899 0.378085 0.301353
0 0.655035 0.554604 0.666394 0.549674 0.653526 0.520030 0.642167 0.524961
0 0.783078 0.995291 0.783595 0.981678 0.776079 0.981393 0.775562 0.995006
0 0.286426 0.765483 0.980564 0.451583 0.945339 0.373689 0.251202 0.687590
0 0.796746 0.995507 0.797156 0.982004 0.789879 0.981783 0.789469 0.995286
0 0.835040 0.995142 0.835197 0.985383 0.829467 0.985291 0.829310 0.995050
0 0.773802 0.995305 0.774144 0.982176 0.766246 0.981971 0.765905 0.995100
0 0.303145 0.769641 0.689487 0.572296 0.652625 0.500132 0.266283 0.697476
0 0.850858 0.994964 0.851302 0.982347 0.846581 0.982181 0.846137 0.994798
0 0.817777 0.994907 0.817945 0.984438 0.812076 0.984344 0.811908 0.994813
0 0.764297 0.995194 0.764857 0.982106 0.757358 0.981785 0.756797 0.994873
0 0.913997 0.995367 0.914343 0.984362 0.907162 0.984137 0.906817 0.995142
0 0.858196 0.994628 0.858955 0.982734 0.854279 0.982436 0.853519 0.994329
0 0.886216 0.995328 0.886298 0.984532 0.879995 0.984483 0.879913 0.995280
0 0.866605 0.995315 0.867136 0.984651 0.861399 0.984365 0.860868 0.995029
0 0.059587 0.570027 0.059805 0.558808 0.000601 0.557655 0.000382 0.568874
0 0.715364 0.995508 0.715712 0.985047 0.707249 0.984766 0.706902 0.995226
0 0.923575 0.995593 0.923854 0.984391 0.916401 0.984205 0.916122 0.995407
0 0.704794 0.997734 0.704973 0.984840 0.697183 0.984732 0.697004 0.997626
0 0.804982 0.995082 0.804877 0.982729 0.799492 0.982775 0.799597 0.995128
0 0.496408 0.963481 0.497409 0.932447 0.485077 0.932050 0.484075 0.963083
0 0.974254 0.997506 0.975336 0.985389 0.967018 0.984646 0.965936 0.996763
0 0.755701 0.995555 0.756160 0.982155 0.747618 0.981862 0.747160 0.995263
0 0.746097 0.995800 0.747461 0.982842 0.735408 0.981573 0.734043 0.994530
0 0.874633 0.820374 0.874693 0.807703 0.794961 0.807328 0.794901 0.819999
0 0.826767 0.994994 0.826883 0.985122 0.821750 0.985062 0.821634 0.994934
0 0.727547 0.997497 0.727752 0.984535 0.717990 0.984381 0.717785 0.997343
0 0.869198 0.995067 0.869554 0.984742 0.863846 0.984545 0.863490 0.994871
0 0.808129 0.995149 0.808187 0.983376 0.802843 0.983349 0.802784 0.995122
0 0.964423 0.995830 0.965219 0.985030 0.956615 0.984395 0.955819 0.995196
0 0.694611 0.995825 0.694871 0.984828 0.688807 0.984684 0.688547 0.995682
0 0.504078 0.965638 0.507260 0.933846 0.496707 0.932790 0.493526 0.964581
0 0.986847 0.996350 0.987840 0.984687 0.979505 0.983976 0.978511 0.995640
