0 0.775563 0.351541 0.792459 0.315381 0.780773 0.309921 0.763878 0.346081
0 0.973592 0.311337 0.995504 0.287339 0.986757 0.279353 0.964845 0.303351
0 0.745492 0.031523 0.772945 0.021798 0.768093 0.008102 0.740640 0.017827
0 0.679023 0.801407 0.713410 0.775169 0.704317 0.763253 0.669931 0.789491
0 0.655412 0.430782 0.675498 0.408662 0.666010 0.400046 0.645924 0.422166
0 0.467152 0.067218 0.493803 0.050619 0.454138 0.000000 0.427487 0.003531
0 0.539593 0.360850 0.547381 0.337831 0.537455 0.334472 0.529667 0.357492
0 0.986982 0.188711 1.000000 0.164508 0.996556 0.156123 0.976741 0.180326
0 0.691091 0.923954 0.732251 0.914047 0.728183 0.897146 0.687023 0.907053
0 0.759283 0.724619 0.798332 0.704629 0.791569 0.691418 0.752520 0.711408
0 0.953610 0.510362 0.968744 0.502166 0.964021 0.493444 0.948886 0.501639
0 0.783331 0.995694 0.783736 0.981363 0.775833 0.981140 0.775428 0.995470
0 0.838701 0.442253 0.838806 0.431107 0.760766 0.430377 0.760662 0.441523
0 0.774128 0.995700 0.774576 0.981880 0.766228 0.981610 0.765781 0.995429
0 0.307464 0.915712 0.307529 0.906683 0.261963 0.906357 0.261898 0.915386
0 0.317022 0.699489 0.348454 0.682974 0.341255 0.669271 0.309822 0.685786
0 0.812759 0.870344 0.849425 0.866675 0.848043 0.852860 0.811377 0.856529
0 0.764341 0.995402 0.765057 0.981905 0.757209 0.981489 0.756493 0.994986
0 0.797094 0.995610 0.797929 0.978453 0.789996 0.978067 0.789161 0.995224
0 0.705034 0.998013 0.705179 0.984667 0.697106 0.984579 0.696960 0.997925
0 0.835142 0.995658 0.835528 0.984856 0.829118 0.984626 0.828732 0.995428
0 0.817968 0.995331 0.818456 0.983135 0.811876 0.982872 0.811388 0.995067
0 0.866543 0.995406 0.867061 0.984701 0.861357 0.984425 0.860839 0.995131
0 0.850883 0.994909 0.851114 0.982099 0.846341 0.982013 0.846109 0.994823
0 0.858185 0.994800 0.858950 0.982455 0.854139 0.982156 0.853373 0.994502
0 0.805091 0.994677 0.805456 0.980107 0.799448 0.979957 0.799084 0.994527
0 0.755689 0.995670 0.756205 0.981865 0.747326 0.981533 0.746809 0.995338
0 0.826497 0.995352 0.826943 0.983923 0.820558 0.983674 0.820112 0.995103
0 0.715532 0.995725 0.715888 0.985040 0.707087 0.984747 0.706731 0.995432
0 0.137657 0.491620 0.137775 0.480753 0.058647 0.479891 0.058528 0.490759
0 0.886052 0.995603 0.886261 0.984879 0.880157 0.984760 0.879948 0.995484
0 0.914185 0.995440 0.914467 0.984283 0.907095 0.984097 0.906814 0.995253
0 0.694826 0.995850 0.695106 0.984745 0.688677 0.984583 0.688398 0.995688
0 0.727389 0.997555 0.727483 0.984518 0.718059 0.984450 0.717965 0.997487
0 0.923844 0.995559 0.924025 0.984320 0.916303 0.984196 0.916122 0.995435
0 0.809771 0.994260 0.810195 0.982289 0.804690 0.982094 0.804266 0.994064
0 0.869056 0.995279 0.869550 0.985162 0.864034 0.984893 0.863540 0.995010
0 0.808269 0.995327 0.808750 0.981834 0.802944 0.981627 0.802463 0.995120
0 0.745962 0.996039 0.747349 0.982860 0.735213 0.981583 0.733826 0.994762
0 0.824970 0.995241 0.825258 0.983951 0.818803 0.983787 0.818515 0.995076
0 0.115788 0.816137 0.115829 0.806391 0.048726 0.806109 0.048685 0.815855
0 0.283859 0.916349 0.283929 0.905843 0.224102 0.905445 0.224033 0.915952
0 0.938499 0.103094 0.938459 0.094043 0.896175 0.094229 0.896215 0.103280
0 0.436254 0.415192 0.436261 0.406837 0.391376 0.406796 0.391368 0.415152
