0 0.360278 0.830054 0.379368 0.813265 0.371129 0.803898 0.352039 0.820686
0 0.684595 0.838422 0.704500 0.819208 0.696413 0.810831 0.676508 0.830045
0 0.705811 0.733468 0.727877 0.719532 0.721101 0.708803 0.699035 0.722740
0 0.367601 0.913720 0.388766 0.889600 0.378641 0.880716 0.357476 0.904836
0 0.648205 0.497456 0.689165 0.335455 0.662940 0.328825 0.621980 0.490825
0 0.653175 0.687756 0.685747 0.668249 0.678325 0.655857 0.645753 0.675364
0 0.272725 0.904074 0.294065 0.876384 0.283431 0.868189 0.262091 0.895878
0 0.783188 0.995390 0.783724 0.981539 0.776102 0.981243 0.775565 0.995094
0 0.029978 0.747104 0.057917 0.737733 0.053261 0.723853 0.025323 0.733224
0 0.773819 0.995288 0.774187 0.981824 0.766381 0.981610 0.766013 0.995075
0 0.764162 0.995121 0.764745 0.981803 0.757358 0.981480 0.756774 0.994797
0 0.704959 0.997872 0.705127 0.984796 0.697368 0.984696 0.697200 0.997772
0 0.768621 0.906222 0.777879 0.875576 0.765490 0.871833 0.756231 0.902479
0 0.796722 0.995685 0.797224 0.981889 0.789893 0.981623 0.789392 0.995419
0 0.967943 0.747508 0.972763 0.732034 0.938855 0.721472 0.934035 0.736946
0 0.433157 0.903376 0.470104 0.897470 0.467661 0.882186 0.430714 0.888092
0 0.715393 0.995498 0.715645 0.985029 0.707168 0.984825 0.706915 0.995294
0 0.437504 0.776042 0.462929 0.745901 0.451831 0.736539 0.426406 0.766680
0 0.755483 0.995444 0.755949 0.981811 0.747687 0.981528 0.747221 0.995161
0 0.694615 0.995790 0.694858 0.984786 0.688870 0.984654 0.688628 0.995658
0 0.445392 0.856422 0.473486 0.840861 0.466455 0.828167 0.438361 0.843728
0 0.926562 0.561246 0.931040 0.538321 0.921315 0.536422 0.916838 0.559346
0 0.835297 0.995355 0.835471 0.985334 0.829299 0.985227 0.829125 0.995248
0 0.851136 0.995061 0.851509 0.982024 0.846444 0.981879 0.846070 0.994916
0 0.817827 0.994971 0.818047 0.984460 0.812025 0.984334 0.811804 0.994844
0 0.858463 0.994803 0.859272 0.982414 0.854174 0.982081 0.853365 0.994470
0 0.867363 0.995617 0.867889 0.984594 0.861190 0.984275 0.860664 0.995297
0 0.745772 0.995863 0.747124 0.982794 0.735537 0.981596 0.734186 0.994666
0 0.886497 0.995612 0.886584 0.984736 0.879340 0.984678 0.879253 0.995554
0 0.393172 0.648597 0.421775 0.633585 0.415196 0.621049 0.386593 0.636061
0 0.911481 0.593539 0.943989 0.433199 0.931016 0.430568 0.898507 0.590909
0 0.726806 0.997501 0.727018 0.984729 0.717932 0.984577 0.717719 0.997349
0 0.966139 0.688175 1.000000 0.544706 0.990027 0.537888 0.944605 0.681357
0 0.950453 0.672536 0.959869 0.639838 0.950817 0.637231 0.941401 0.669929
0 0.727983 0.998181 0.728637 0.983536 0.720841 0.983188 0.720188 0.997833
0 0.869209 0.995301 0.869645 0.984921 0.862991 0.984641 0.862555 0.995022
0 0.826871 0.995163 0.827025 0.985167 0.821602 0.985083 0.821448 0.995080
0 0.914375 0.995571 0.914730 0.984157 0.907117 0.983920 0.906762 0.995334
0 0.805087 0.995100 0.805022 0.982594 0.799533 0.982622 0.799597 0.995128
0 0.808139 0.995374 0.808305 0.983238 0.802989 0.983165 0.802823 0.995302
0 0.974415 0.997892 0.975549 0.985192 0.966817 0.984412 0.965683 0.997112
0 0.923747 0.995786 0.923988 0.984356 0.916334 0.984195 0.916093 0.995625
0 0.809686 0.994344 0.809860 0.983771 0.804433 0.983682 0.804258 0.994254
0 0.222697 0.819176 0.222649 0.808884 0.165124 0.809151 0.165172 0.819442
0 0.824425 0.995044 0.824506 0.984768 0.818816 0.984723 0.818735 0.994999
