0 0.915357 0.427130 0.980451 0.413475 0.933100 0.187756 0.868006 0.201412
0 0.799085 0.476346 0.876019 0.462835 0.834846 0.228389 0.757913 0.241899
0 0.007239 0.939256 0.242197 0.827708 0.203223 0.745617 0.000000 0.857166
0 0.243860 0.991223 0.258139 0.983965 0.235112 0.938665 0.220833 0.945923
0 0.204459 1.000000 0.218022 0.996308 0.196556 0.957178 0.182993 0.964618
0 0.905871 0.635909 0.951267 0.623795 0.947204 0.608568 0.901808 0.620682
0 0.032182 0.933904 0.045458 0.927128 0.024913 0.886873 0.011636 0.893649
0 0.226356 1.000000 0.241121 0.993780 0.217170 0.947976 0.202404 0.955697
0 0.775319 0.332745 0.808894 0.325826 0.806447 0.313952 0.772872 0.320871
0 0.826684 0.605508 0.884817 0.595941 0.881926 0.578373 0.823793 0.587940
0 0.856377 0.663832 0.897755 0.658061 0.895619 0.642745 0.854241 0.648517
0 0.123278 0.983484 0.137333 0.976226 0.115593 0.934126 0.101538 0.941385
0 0.180006 0.954575 0.193551 0.948096 0.173520 0.906219 0.159975 0.912698
0 0.105861 0.990444 0.118745 0.985040 0.102819 0.947076 0.089935 0.952481
0 0.876973 0.877326 0.938536 0.869520 0.936205 0.851140 0.874642 0.858946
0 0.781623 0.488139 0.837077 0.477643 0.833771 0.460172 0.778316 0.470669
0 0.913853 0.698512 0.962718 0.686283 0.958386 0.668973 0.909521 0.681202
0 0.233231 0.815699 0.250248 0.806963 0.219287 0.746652 0.202270 0.755388
0 0.831573 0.393961 0.865465 0.387450 0.863104 0.375160 0.829212 0.381672
0 0.813781 0.568332 0.869095 0.558127 0.865808 0.540311 0.810494 0.550516
0 0.863276 0.703821 0.905077 0.699671 0.903498 0.683771 0.861697 0.687920
0 0.786946 0.422023 0.825447 0.414922 0.822805 0.400597 0.784304 0.407699
0 0.159881 0.964691 0.173596 0.958113 0.153914 0.917078 0.140199 0.923656
0 0.028762 0.871435 0.041144 0.865482 0.023226 0.828217 0.010845 0.834170
0 0.906913 0.657869 0.957172 0.644295 0.952693 0.627711 0.902434 0.641285
0 0.082983 0.901450 0.095788 0.895214 0.078337 0.859382 0.065533 0.865617
0 0.913519 0.224572 0.940406 0.219347 0.938447 0.209264 0.911560 0.214489
0 0.876987 0.857350 0.932835 0.849482 0.930370 0.831983 0.874522 0.839851
0 0.881820 0.832973 0.928760 0.826445 0.926469 0.809972 0.879529 0.816500
0 0.816870 0.523483 0.868572 0.514928 0.865704 0.497599 0.814002 0.506154
0 0.781420 0.443721 0.827932 0.435863 0.825192 0.419649 0.778681 0.427507
0 0.073833 0.846670 0.086070 0.841500 0.070738 0.805209 0.058500 0.810379
0 0.808988 0.290462 0.842389 0.283658 0.839748 0.270695 0.806348 0.277499
0 0.104407 0.833489 0.116976 0.828147 0.102693 0.794543 0.090124 0.799885
0 0.877429 0.220686 0.903632 0.215640 0.901719 0.205709 0.875516 0.210756
0 0.936546 0.802094 0.983997 0.791703 0.980235 0.774528 0.932785 0.784919
0 0.819002 0.543685 0.871665 0.533845 0.868375 0.516233 0.815712 0.526073
0 0.755173 0.263432 0.792250 0.258279 0.790514 0.245786 0.753437 0.250939
0 0.883594 0.254463 0.912073 0.249630 0.910349 0.239473 0.881870 0.244306
0 0.889752 0.572346 0.939033 0.560869 0.935157 0.544224 0.885876 0.555701
0 0.872815 0.723224 0.907641 0.717100 0.905417 0.704457 0.870592 0.710581
0 0.066046 0.905928 0.077451 0.900605 0.061673 0.866801 0.050269 0.872124
0 0.044841 0.917192 0.056313 0.911936 0.042358 0.881479 0.030885 0.886736
0 0.922673 0.715024 0.958934 0.706882 0.956065 0.694104 0.919804 0.702247
0 0.134418 0.817287 0.147235 0.810882 0.129477 0.775342 0.116660 0.781746
0 0.782912 0.349968 0.807828 0.345421 0.805941 0.335082 0.781025 0.339629
0 0.935914 0.334232 0.962221 0.326817 0.959445 0.316967 0.933138 0.324382
0 0.878934 0.206460 0.908276 0.200732 0.906253 0.190366 0.876910 0.196095
0 0.877244 0.243189 0.904950 0.239103 0.903512 0.229348 0.875806 0.233434
0 0.282437 0.967727 0.295253 0.961627 0.277404 0.924130 0.264588 0.930231
0 0.890586 0.291684 0.917347 0.287157 0.915607 0.276875 0.888847 0.281403
0 0.888933 0.897021 0.939180 0.889449 0.936710 0.873062 0.886464 0.880634
0 0.919738 0.249110 0.946672 0.241584 0.943874 0.231572 0.916941 0.239099
0 0.916513 0.237954 0.944823 0.230536 0.942248 0.220710 0.913938 0.228128
0 0.198434 0.944764 0.210003 0.938808 0.192598 0.905005 0.181030 0.910962
0 0.943543 0.369148 0.972063 0.362507 0.969604 0.351950 0.941085 0.358591
0 0.298633 0.951168 0.315878 0.942549 0.289099 0.888970 0.271854 0.897589
0 0.948343 0.393027 0.979862 0.386972 0.977691 0.375668 0.946171 0.381724
0 0.778549 0.467418 0.832283 0.459568 0.829777 0.442414 0.776043 0.450263
0 0.835054 0.413313 0.866235 0.407544 0.864255 0.396842 0.833074 0.402611
0 0.876717 0.231902 0.902269 0.227225 0.900558 0.217875 0.875006 0.222551
0 0.900315 0.366136 0.928534 0.360463 0.926419 0.349942 0.898200 0.355615
0 0.905221 0.400147 0.934864 0.395269 0.933091 0.384493 0.903447 0.389371
0 0.899912 0.352398 0.925724 0.347931 0.923962 0.337749 0.898150 0.342217
0 0.843697 0.478241 0.855303 0.476551 0.850736 0.445186 0.839130 0.446876
0 0.923404 0.273102 0.952050 0.266273 0.949607 0.256029 0.920962 0.262859
0 0.887072 0.552070 0.932604 0.541069 0.929138 0.526724 0.883606 0.537725
0 0.951224 0.406324 0.977720 0.400661 0.975468 0.390124 0.948972 0.395787
0 0.193569 0.844439 0.205450 0.838842 0.191464 0.809155 0.179583 0.814752
0 0.895488 0.315255 0.918505 0.311208 0.916869 0.301902 0.893852 0.305949
0 0.889228 0.303011 0.917584 0.298524 0.916045 0.288799 0.887689 0.293286
0 0.839147 0.427549 0.866985 0.421884 0.864880 0.411540 0.837042 0.417205
0 0.151738 0.811298 0.161418 0.806347 0.148131 0.780366 0.138451 0.785317
0 0.063928 1.000000 0.306720 0.959601 0.261914 0.866221 0.019122 0.982719
0 0.983189 0.939595 1.000000 0.935278 1.000000 0.925541 0.981033 0.929859
0 0.966967 0.959553 0.977576 0.957730 0.972902 0.930525 0.962292 0.932347
0 0.821040 0.343853 0.850230 0.338211 0.848092 0.327151 0.818902 0.332793
0 0.008616 0.885929 0.008169 0.866989 0.000000 0.867210 0.000000 0.886150
0 0.898906 0.877576 1.000000 0.849394 0.917634 0.473590 0.804933 0.501771
0 0.321813 0.740650 0.418377 0.722247 0.401606 0.634245 0.305042 0.652647
0 0.075415 0.997126 0.075571 0.973777 0.061847 0.973686 0.061692 0.997035
0 0.783391 0.995583 0.783868 0.981250 0.776064 0.980990 0.775587 0.995324
0 0.851351 0.995167 0.851704 0.981959 0.846337 0.981816 0.845985 0.995024
0 1.000000 0.978487 1.000000 0.967921 0.986470 0.968043 0.986559 0.978610
0 0.357365 0.318415 0.788037 0.179364 0.762474 0.100191 0.331802 0.239242
0 0.858587 0.994680 0.859301 0.982412 0.854027 0.982104 0.853312 0.994373
0 0.773926 0.995442 0.774226 0.981783 0.766238 0.981607 0.765937 0.995266
0 0.865032 0.477208 0.889174 0.471656 0.886627 0.460581 0.862485 0.466134
0 0.796982 0.995570 0.797292 0.981551 0.789943 0.981388 0.789632 0.995407
0 0.007832 0.945017 0.007806 0.926247 0.000000 0.926259 0.000000 0.945028
0 0.997479 0.996355 0.997631 0.984890 0.988951 0.984775 0.988799 0.996240
0 0.704901 0.997773 0.705088 0.984842 0.697132 0.984727 0.696944 0.997658
0 0.817842 0.995115 0.817998 0.984331 0.811814 0.984242 0.811658 0.995025
0 0.715644 0.995493 0.716130 0.985126 0.707163 0.984706 0.706676 0.995072
0 0.974638 0.998622 0.975618 0.984470 0.966888 0.983865 0.965908 0.998017
0 0.764359 0.995298 0.764876 0.981804 0.757216 0.981511 0.756699 0.995005
0 0.867495 0.995657 0.867986 0.984549 0.861149 0.984247 0.860658 0.995355
0 0.835419 0.995360 0.835620 0.985148 0.829264 0.985022 0.829063 0.995235
0 0.886606 0.995520 0.886678 0.984536 0.879121 0.984486 0.879049 0.995471
0 0.988054 0.997026 0.988325 0.983112 0.979071 0.982932 0.978800 0.996846
0 0.628300 0.738076 0.632829 0.709135 0.626176 0.708094 0.621648 0.737035
0 0.917513 0.411288 0.936474 0.407376 0.934726 0.398901 0.915764 0.402814
0 0.914446 0.995591 0.914759 0.984065 0.907002 0.983854 0.906689 0.995380
0 0.805252 0.995199 0.805153 0.982403 0.799520 0.982446 0.799619 0.995242
0 0.727722 0.997642 0.727886 0.984523 0.718067 0.984401 0.717903 0.997520
0 0.827029 0.995098 0.827164 0.984953 0.821645 0.984879 0.821510 0.995024
0 0.694612 0.995826 0.694924 0.984853 0.688792 0.984679 0.688480 0.995651
0 0.924071 0.995818 0.924319 0.984038 0.916412 0.983871 0.916163 0.995651
0 0.808209 0.995104 0.808121 0.982828 0.802194 0.982870 0.802281 0.995147
0 0.630119 0.739713 0.636706 0.711670 0.629170 0.709900 0.622583 0.737943
0 0.754598 0.644096 0.754720 0.635245 0.700658 0.634501 0.700536 0.643352
0 0.755726 0.995475 0.756092 0.981826 0.747209 0.981588 0.746843 0.995237
0 0.319628 0.682072 0.407429 0.667219 0.404021 0.647075 0.316220 0.661928
0 0.178393 1.000000 0.187975 0.997143 0.178623 0.977841 0.169041 0.982484
