0 0.574674 0.027243 0.575145 0.000000 0.555557 0.000000 0.555086 0.026906
0 0.676369 0.067088 0.728431 0.063449 0.726983 0.042729 0.674920 0.046368
0 0.337715 0.042663 0.338881 0.000000 0.317496 0.000000 0.316331 0.042082
0 0.507418 0.106852 0.509773 0.059572 0.490816 0.058628 0.488461 0.105907
0 0.692082 0.698667 0.704496 0.670474 0.597774 0.623481 0.585360 0.651674
0 0.765538 0.043372 0.798918 0.034913 0.795191 0.020206 0.761811 0.028665
0 0.603524 0.124994 0.612611 0.083450 0.595679 0.079747 0.586592 0.121291
0 0.195445 0.358027 0.239018 0.337806 0.232378 0.323499 0.188806 0.343720
0 0.034639 0.340795 0.067738 0.312435 0.056164 0.298926 0.023065 0.327286
0 0.225549 0.283441 0.253410 0.243608 0.237411 0.232418 0.209551 0.272252
0 0.671069 0.326788 0.710597 0.300097 0.699964 0.284350 0.660436 0.311041
0 0.438360 0.338956 0.458416 0.288514 0.437903 0.280358 0.417847 0.330800
0 0.430560 0.008483 0.430621 0.000000 0.412507 0.000000 0.412446 0.008361
0 0.457063 0.211536 0.478656 0.176500 0.460429 0.165267 0.438836 0.200303
0 0.046172 0.680806 0.071519 0.677810 0.064251 0.616316 0.038904 0.619311
