0 0.630292 0.997433 0.635305 0.983465 0.592846 0.968226 0.587833 0.982194
0 0.370611 0.080443 0.381359 0.067048 0.284626 0.000000 0.273878 0.002830
0 0.341692 0.536224 0.355492 0.521260 0.305968 0.475588 0.292169 0.490552
0 0.335215 0.242996 0.445628 0.229582 0.443143 0.209124 0.332729 0.222539
0 0.356308 0.503374 0.367766 0.490769 0.329972 0.456412 0.318513 0.469017
0 0.763194 0.022461 0.772561 0.011490 0.748467 0.000000 0.739100 0.001892
0 0.839556 0.983487 0.852719 0.970893 0.814790 0.931253 0.801627 0.943847
0 0.351148 0.252279 0.383403 0.247986 0.381751 0.235577 0.349497 0.239870
0 0.783228 0.995324 0.783750 0.981320 0.775989 0.981031 0.775466 0.995035
0 0.764248 0.995183 0.764866 0.981675 0.757286 0.981327 0.756667 0.994836
0 0.491312 0.997496 0.499939 0.986765 0.472462 0.964675 0.463835 0.975406
0 0.705133 0.998135 0.705304 0.984575 0.697044 0.984471 0.696873 0.998030
0 0.773823 0.995399 0.774284 0.981813 0.766292 0.981542 0.765831 0.995128
0 0.542885 0.415432 0.550627 0.399118 0.315569 0.287564 0.307826 0.303878
0 0.722576 0.502706 0.740339 0.498311 0.725414 0.437992 0.707652 0.442387
0 0.715971 0.995681 0.716258 0.984971 0.706690 0.984714 0.706402 0.995424
0 0.755656 0.995468 0.756029 0.981657 0.747311 0.981422 0.746938 0.995232
0 0.400448 0.559646 0.410665 0.548040 0.229550 0.388614 0.219333 0.400221
0 0.473779 0.394264 0.479205 0.382043 0.448654 0.368481 0.443229 0.380702
0 0.974367 0.997756 0.975573 0.985336 0.966970 0.984501 0.965765 0.996921
0 0.728132 0.997253 0.728115 0.984427 0.717781 0.984441 0.717799 0.997267
0 0.235530 0.300497 0.242626 0.285726 0.202287 0.266347 0.195191 0.281118
0 0.695039 0.995902 0.695288 0.984629 0.688578 0.984481 0.688329 0.995754
0 0.443636 0.240770 0.440949 0.227701 0.411605 0.233733 0.414292 0.246802
