0 0.247261 0.059312 0.293243 0.054121 0.290625 0.030940 0.244643 0.036131
0 0.618250 0.333171 0.633426 0.281156 0.613991 0.275485 0.598815 0.327500
0 0.530611 0.275664 0.531097 0.265644 0.512307 0.264732 0.511821 0.274752
0 0.381244 0.185916 0.388492 0.171624 0.381225 0.167939 0.373977 0.182231
0 0.783199 0.995289 0.783705 0.981616 0.775895 0.981327 0.775389 0.995000
0 0.491606 0.042111 0.508501 0.035333 0.505270 0.027281 0.488376 0.034059
0 0.074658 0.084995 0.074603 0.074404 0.009688 0.074742 0.009743 0.085332
0 0.023583 0.521062 0.023721 0.512751 0.000000 0.512348 0.000000 0.520659
0 0.224694 0.520536 0.224439 0.511688 0.174267 0.513131 0.174522 0.521978
0 0.643112 0.103950 0.647934 0.088918 0.639637 0.086257 0.634815 0.101289
0 0.195699 0.360065 0.195753 0.350317 0.143725 0.350028 0.143671 0.359776
0 0.797299 0.995669 0.797619 0.981962 0.789734 0.981778 0.789414 0.995485
0 0.773850 0.995354 0.774278 0.982319 0.766195 0.982054 0.765767 0.995088
0 0.665693 0.795776 0.712059 0.777371 0.705430 0.760671 0.659064 0.779076
0 0.835533 0.995398 0.835667 0.985209 0.829148 0.985124 0.829014 0.995313
0 0.818038 0.994882 0.818261 0.984466 0.811615 0.984324 0.811392 0.994740
0 0.737994 0.398940 0.743282 0.378568 0.732888 0.375870 0.727599 0.396242
0 0.851392 0.994951 0.851709 0.982185 0.846404 0.982053 0.846086 0.994819
0 0.764364 0.995203 0.764982 0.982152 0.757280 0.981787 0.756662 0.994838
0 0.565486 0.837524 0.587312 0.832320 0.575254 0.781744 0.553428 0.786948
0 0.532701 0.182040 0.548100 0.173879 0.543997 0.166138 0.528599 0.174299
0 0.858596 0.994585 0.859286 0.982734 0.854011 0.982427 0.853321 0.994278
