0 0.598046 0.450832 0.622104 0.364575 0.579829 0.352785 0.555772 0.439041
0 0.660920 0.468320 0.683969 0.383554 0.642082 0.372164 0.619032 0.456930
0 0.476359 0.651211 0.517612 0.649028 0.512938 0.560697 0.471685 0.562879
0 0.537990 0.647402 0.580185 0.645548 0.576296 0.557006 0.534101 0.558859
0 0.538779 0.781448 0.581174 0.779162 0.576477 0.692062 0.534082 0.694348
0 0.421583 0.652953 0.463143 0.650932 0.458856 0.562800 0.417296 0.564821
0 0.590482 0.646317 0.633931 0.644101 0.629292 0.553173 0.585843 0.555390
0 0.591290 0.780200 0.633662 0.778591 0.630301 0.690088 0.587930 0.691697
0 0.005647 0.682210 0.018629 0.680784 0.014242 0.640839 0.001260 0.642265
0 0.061225 0.828762 0.072811 0.827956 0.070848 0.799735 0.059261 0.800541
0 0.159445 0.935863 0.164762 0.905936 0.152725 0.903798 0.147408 0.933725
0 0.197562 0.942889 0.203697 0.911587 0.190986 0.909096 0.184851 0.940397
0 0.165114 0.840193 0.176613 0.839255 0.174161 0.809206 0.162661 0.810145
0 0.159987 0.796036 0.160590 0.765765 0.149271 0.765539 0.148668 0.795811
0 0.029383 0.785401 0.040710 0.783312 0.035913 0.757297 0.024585 0.759386
0 0.086503 0.783629 0.085967 0.753991 0.073799 0.754212 0.074335 0.783849
0 0.182256 0.939662 0.187974 0.913857 0.177225 0.911475 0.171506 0.937280
0 0.145227 0.929763 0.150172 0.902108 0.138595 0.900038 0.133649 0.927692
0 0.119077 0.824899 0.131399 0.823742 0.128814 0.796221 0.116492 0.797378
0 0.114556 0.826119 0.113942 0.795720 0.101276 0.795976 0.101890 0.826375
0 0.196422 0.801297 0.207324 0.800618 0.205655 0.773834 0.194754 0.774513
0 0.070170 0.773541 0.069875 0.747759 0.058199 0.747893 0.058493 0.773675
0 0.112860 0.781898 0.114240 0.757001 0.103866 0.756426 0.102486 0.781323
0 0.009656 0.742646 0.021501 0.741668 0.019214 0.713949 0.007369 0.714927
0 0.015167 0.789157 0.027089 0.786893 0.022479 0.762615 0.010556 0.764879
0 0.072844 0.824576 0.088504 0.824973 0.089293 0.793933 0.073632 0.793535
0 0.151968 0.843411 0.163778 0.842504 0.161841 0.817277 0.150031 0.818184
0 0.004029 0.631105 0.014145 0.630241 0.012010 0.605246 0.001894 0.606111
0 0.191531 0.760467 0.191387 0.752372 0.173098 0.752697 0.173242 0.760792
0 0.026430 0.734109 0.037175 0.732784 0.034098 0.707815 0.023353 0.709139
0 0.015883 0.793605 0.065694 0.790343 0.053022 0.596795 0.003210 0.600057
0 0.019746 0.660411 0.029547 0.659575 0.027500 0.635563 0.017698 0.636399
0 0.052366 0.656406 0.050352 0.635408 0.041184 0.636287 0.043197 0.657285
0 0.018037 0.631636 0.027956 0.630639 0.025352 0.604737 0.015432 0.605735
0 0.356449 0.580715 0.375178 0.579262 0.374394 0.569141 0.355664 0.570593
0 0.374966 0.623967 0.374792 0.612735 0.354567 0.613048 0.354741 0.624280
0 0.205380 0.844496 0.215134 0.843836 0.209917 0.766645 0.200163 0.767304
0 0.008913 0.540520 0.089989 0.516544 0.062321 0.422986 0.000000 0.446962
0 0.196419 0.957724 0.204274 0.910540 0.135439 0.899082 0.127585 0.946265
0 0.314366 0.607447 0.340011 0.602920 0.337886 0.590883 0.312241 0.595410
0 0.142107 0.762376 0.142827 0.753403 0.126448 0.752088 0.125728 0.761062
0 0.217004 0.851474 0.216749 0.740444 0.102886 0.740706 0.103141 0.851735
0 0.070098 0.529226 0.095860 0.522581 0.070721 0.425113 0.044959 0.431758
0 0.054505 0.918491 0.130530 0.912488 0.128333 0.884668 0.052309 0.890671
0 0.028772 0.480349 0.052036 0.473209 0.049057 0.463506 0.025793 0.470645
0 0.121907 0.806528 0.122679 0.756215 0.109797 0.756017 0.109024 0.806331
0 0.173793 0.822788 0.176378 0.754970 0.157347 0.754244 0.154762 0.822063
0 0.000535 0.560879 0.074387 0.538440 0.070125 0.524413 0.000000 0.546852
