0 0.789627 0.673259 0.792174 0.662544 0.713893 0.643937 0.711346 0.654651
0 0.631352 0.027039 0.641386 0.001967 0.631990 0.000000 0.621955 0.023278
0 0.891060 0.119093 0.897628 0.094190 0.887909 0.091627 0.881341 0.116530
0 0.763323 0.057105 0.763352 0.046393 0.688405 0.046188 0.688376 0.056900
0 0.783095 0.995302 0.783640 0.981657 0.776156 0.981359 0.775611 0.995003
0 0.881208 0.120177 0.885408 0.096601 0.876391 0.094994 0.872190 0.118571
0 0.762919 0.719390 0.772236 0.707064 0.726999 0.672866 0.717681 0.685192
0 0.502970 0.057008 0.503040 0.046998 0.425550 0.046457 0.425480 0.056467
0 0.279121 0.107130 0.282107 0.085474 0.274914 0.084482 0.271928 0.106138
0 0.797034 0.995724 0.797338 0.981927 0.789883 0.981763 0.789578 0.995559
0 0.101776 0.618572 0.101816 0.609671 0.055245 0.609460 0.055205 0.618361
0 0.851145 0.995090 0.851528 0.982184 0.846442 0.982033 0.846059 0.994940
0 0.773605 0.995050 0.773990 0.982372 0.766248 0.982137 0.765862 0.994815
0 0.858419 0.994689 0.859135 0.982703 0.854089 0.982401 0.853373 0.994387
0 0.818009 0.994949 0.818168 0.984433 0.811737 0.984336 0.811578 0.994852
0 0.835402 0.995477 0.835563 0.985293 0.829307 0.985194 0.829146 0.995377
0 0.764251 0.994895 0.764782 0.982233 0.757471 0.981926 0.756940 0.994589
0 0.867350 0.995504 0.867846 0.984694 0.861226 0.984391 0.860731 0.995200
0 0.103527 0.184041 0.103708 0.170290 0.019833 0.169183 0.019651 0.182934
0 0.715371 0.995575 0.715920 0.985191 0.707430 0.984742 0.706882 0.995126
0 0.114470 0.769990 0.114490 0.758137 0.034184 0.758002 0.034164 0.769854
0 0.805095 0.995031 0.805020 0.982605 0.799451 0.982639 0.799526 0.995065
0 0.027963 0.475036 0.028824 0.460488 0.024559 0.460236 0.023698 0.474784
0 0.727661 0.997466 0.727813 0.984744 0.718075 0.984627 0.717922 0.997349
0 0.006694 0.650348 0.006420 0.626944 0.000000 0.627025 0.000000 0.650428
0 0.869269 0.995211 0.869596 0.984755 0.862911 0.984545 0.862583 0.995001
0 0.746141 0.995414 0.747193 0.982858 0.735397 0.981870 0.734345 0.994426
0 0.886702 0.995593 0.886778 0.984769 0.879147 0.984715 0.879070 0.995539
