0 0.353949 0.660923 0.371629 0.650095 0.344834 0.606343 0.327154 0.617170
0 0.939352 0.565961 0.944586 0.544648 0.894324 0.532305 0.889090 0.553618
0 0.737155 0.632192 0.741707 0.612341 0.691796 0.600894 0.687243 0.620746
0 0.839102 0.539998 0.846371 0.522485 0.805378 0.505469 0.798109 0.522982
0 0.677171 0.790655 0.728394 0.786515 0.726790 0.766678 0.675568 0.770819
0 0.414069 0.734115 0.435200 0.726946 0.416666 0.672318 0.395535 0.679487
0 0.387186 0.555930 0.403846 0.546766 0.378907 0.501428 0.362247 0.510591
0 0.585779 0.096570 0.645491 0.020021 0.536012 0.000000 0.476300 0.011171
0 0.677770 0.652917 0.680240 0.629526 0.629467 0.624164 0.626996 0.647556
0 0.724860 0.516968 0.739138 0.508771 0.720145 0.475684 0.705866 0.483882
0 0.507693 0.830284 0.509190 0.782366 0.490807 0.781792 0.489310 0.829709
0 0.339077 0.764187 0.339711 0.712604 0.316831 0.712323 0.316197 0.763906
0 0.574999 0.750666 0.576133 0.705492 0.557512 0.705025 0.556379 0.750199
0 0.840153 0.613386 0.849894 0.601077 0.821417 0.578541 0.811676 0.590850
0 0.980778 0.745215 0.989824 0.726891 0.949514 0.706989 0.940468 0.725312
0 0.438142 0.494815 0.481829 0.469736 0.471575 0.451875 0.427888 0.476954
0 0.784813 0.427966 0.795347 0.418839 0.777214 0.397910 0.766680 0.407036
0 0.704872 0.997762 0.705007 0.984733 0.697308 0.984653 0.697173 0.997682
0 0.783168 0.995272 0.783683 0.981528 0.776061 0.981243 0.775546 0.994986
0 0.987040 0.597730 0.992385 0.578737 0.945653 0.565587 0.940308 0.584579
0 0.773782 0.995247 0.774162 0.981980 0.766358 0.981756 0.765979 0.995024
0 0.764204 0.995149 0.764786 0.981988 0.757318 0.981658 0.756737 0.994819
0 0.715352 0.995451 0.715681 0.985033 0.707257 0.984767 0.706928 0.995185
0 0.696223 0.465481 0.708339 0.459086 0.695386 0.434546 0.683270 0.440942
0 0.603650 0.848728 0.612727 0.807172 0.595964 0.803511 0.586887 0.845067
0 0.798061 0.329241 0.822838 0.298728 0.806617 0.285557 0.781840 0.316070
0 0.765708 0.767240 0.799789 0.757913 0.795851 0.743523 0.761770 0.752850
0 0.796959 0.995525 0.797332 0.981960 0.789789 0.981753 0.789416 0.995318
0 0.755517 0.995485 0.756039 0.981953 0.747532 0.981625 0.747010 0.995156
0 0.694700 0.995674 0.694940 0.984900 0.688864 0.984764 0.688623 0.995539
0 0.727458 0.997467 0.727653 0.984643 0.718120 0.984498 0.717924 0.997321
0 0.428759 0.377216 0.507339 0.197352 0.470278 0.181161 0.391698 0.361025
0 0.745776 0.995629 0.746978 0.982868 0.735348 0.981773 0.734146 0.994534
0 0.457585 0.934810 0.478332 0.900128 0.459842 0.889067 0.439095 0.923749
0 0.818000 0.994964 0.818234 0.984555 0.811660 0.984407 0.811426 0.994816
0 0.915180 0.680142 0.918404 0.663866 0.874467 0.655163 0.871243 0.671439
0 0.858719 0.995062 0.859574 0.982362 0.854005 0.981987 0.853150 0.994687
0 0.867647 0.995765 0.868355 0.984197 0.861123 0.983754 0.860415 0.995322
0 0.835624 0.995438 0.835799 0.985207 0.829132 0.985093 0.828957 0.995323
0 0.851451 0.995063 0.851787 0.981818 0.846297 0.981679 0.845961 0.994924
0 0.227319 1.000000 0.252422 0.966608 0.236247 0.956161 0.211145 0.995027
0 0.805262 0.995180 0.805204 0.982830 0.799434 0.982857 0.799492 0.995207
0 0.754954 0.298866 0.775454 0.270644 0.761198 0.260289 0.740698 0.288511
0 0.807957 0.995177 0.807975 0.983377 0.802252 0.983368 0.802234 0.995168
