0 0.890643 0.186049 0.998523 0.166646 0.965540 0.000000 0.857659 0.002661
0 0.004439 0.239297 0.241327 0.128064 0.203035 0.046516 0.000000 0.157749
0 0.054869 0.382276 0.069059 0.375208 0.046865 0.330655 0.032675 0.337724
0 0.168852 0.458811 0.184069 0.452209 0.164867 0.407951 0.149651 0.414553
0 0.066233 0.307993 0.080738 0.301358 0.062404 0.261280 0.047899 0.267916
0 0.130862 0.340910 0.143562 0.334107 0.122608 0.294992 0.109908 0.301796
0 0.179762 0.254889 0.193223 0.248506 0.173177 0.206227 0.159716 0.212609
0 0.226420 0.302001 0.241456 0.294390 0.218145 0.248336 0.203109 0.255947
0 0.243262 0.290638 0.257642 0.283183 0.234356 0.238268 0.219976 0.245723
0 0.881165 0.133388 0.928980 0.125965 0.926442 0.109617 0.878627 0.117039
0 0.203975 0.303369 0.217565 0.296316 0.197679 0.258001 0.184090 0.265054
0 0.123376 0.284058 0.137560 0.277048 0.116761 0.234961 0.102577 0.241970
0 0.233118 0.116054 0.250779 0.106993 0.219573 0.046165 0.201912 0.055225
0 0.116414 0.357773 0.131830 0.348924 0.105034 0.302241 0.089618 0.311090
0 0.875484 0.157837 0.931605 0.149605 0.929111 0.132600 0.872989 0.140832
0 0.083740 0.202160 0.096440 0.195793 0.078523 0.160055 0.065824 0.166422
0 0.936053 0.103200 0.984181 0.092098 0.980331 0.075409 0.932204 0.086511
0 0.160718 0.264505 0.174026 0.257946 0.153811 0.216927 0.140503 0.223485
0 0.091397 0.359834 0.104914 0.353868 0.085933 0.310865 0.072416 0.316832
0 0.152593 0.471900 0.166941 0.465235 0.148387 0.425290 0.134039 0.431955
0 0.131981 0.479771 0.144085 0.473305 0.124167 0.436019 0.112064 0.442484
0 0.035085 0.523736 0.046844 0.517954 0.030484 0.484678 0.018725 0.490460
0 0.009081 0.403819 0.309822 0.253791 0.262606 0.159143 0.000000 0.309171
0 0.891071 0.197212 0.939137 0.189807 0.936569 0.173138 0.888504 0.180543
0 0.029015 0.171220 0.041482 0.165007 0.023381 0.128680 0.010913 0.134893
0 0.073637 0.507529 0.088062 0.499628 0.066438 0.460148 0.052013 0.468049
0 0.010897 0.533971 0.025165 0.527973 0.008591 0.488544 0.000000 0.494542
0 0.073850 0.146833 0.086520 0.141600 0.071759 0.105863 0.059089 0.111096
0 0.328610 0.385584 0.343979 0.378087 0.322518 0.334096 0.307150 0.341593
0 0.104326 0.133834 0.116935 0.128479 0.102160 0.093687 0.089551 0.099042
0 0.281889 0.268688 0.295286 0.262357 0.277284 0.224266 0.263888 0.230597
0 0.009507 0.335923 0.023553 0.328886 0.005512 0.292878 0.000000 0.299915
0 0.031953 0.232921 0.044647 0.226299 0.023698 0.186140 0.011004 0.192761
0 0.134646 0.118113 0.147147 0.112043 0.129752 0.076216 0.117251 0.082286
0 0.104975 0.289484 0.117755 0.284122 0.102155 0.246939 0.089375 0.252301
0 0.198098 0.245596 0.210054 0.239628 0.192910 0.205282 0.180954 0.211251
0 0.379029 0.382925 0.396346 0.374910 0.369891 0.317756 0.352574 0.325772
0 0.194021 0.144606 0.205769 0.139074 0.191884 0.109587 0.180136 0.115120
0 0.876853 0.177736 0.937724 0.169232 0.935223 0.151331 0.874352 0.159835
0 0.299385 0.252556 0.316921 0.243737 0.289811 0.189831 0.272275 0.198650
0 0.066976 0.206960 0.078117 0.201687 0.061765 0.167137 0.050624 0.172410
0 0.151553 0.110852 0.161381 0.105914 0.148343 0.079960 0.138515 0.084898
0 0.044538 0.216938 0.055759 0.211721 0.041733 0.181557 0.030512 0.186774
0 0.872903 0.022798 0.908510 0.016467 0.906303 0.004053 0.870696 0.010384
0 0.632058 0.727604 0.641948 0.699904 0.631951 0.696334 0.622061 0.724034
0 0.314683 0.441697 0.379417 0.409720 0.369372 0.389385 0.304638 0.421362
0 0.922215 0.016606 0.960381 0.005475 0.956341 0.000000 0.918175 0.002755
0 0.891321 0.818794 0.897315 0.793831 0.886944 0.791341 0.880951 0.816305
0 0.983216 0.239739 1.000000 0.235401 1.000000 0.225596 0.981045 0.229935
0 0.505147 0.435622 0.509620 0.412864 0.502989 0.411561 0.498517 0.434319
0 0.966918 0.259046 0.977641 0.257264 0.973018 0.229448 0.962295 0.231230
0 0.783266 0.389847 0.800806 0.388620 0.797512 0.341497 0.779971 0.342724
0 0.009479 0.574863 0.386411 0.391792 0.350801 0.318473 0.000000 0.501544
0 0.008809 0.185651 0.010267 0.169812 0.000000 0.168776 0.000000 0.184615
0 0.007352 0.540543 0.007740 0.523058 0.000380 0.522894 0.000000 0.540380
0 0.011710 0.403809 0.011274 0.374080 0.000000 0.374288 0.000000 0.404017
0 1.000000 0.407751 1.000000 0.393321 0.991124 0.391811 0.989240 0.406241
0 0.504270 0.757208 0.504275 0.745640 0.424694 0.745607 0.424689 0.757175
0 0.783080 0.995289 0.783616 0.981713 0.776063 0.981415 0.775527 0.994991
0 0.765441 0.757070 0.765456 0.745906 0.687154 0.745798 0.687139 0.756961
0 0.880853 0.819173 0.884588 0.795961 0.875137 0.794440 0.871401 0.817653
0 0.008200 0.243340 0.008049 0.222740 0.000000 0.222803 0.000000 0.243403
0 0.773683 0.995150 0.774107 0.982451 0.766292 0.982190 0.765868 0.994889
0 0.279025 0.806151 0.282772 0.786012 0.275076 0.784580 0.271329 0.804719
0 0.797029 0.995758 0.797400 0.982095 0.789772 0.981888 0.789401 0.995551
0 0.531515 0.494235 0.531562 0.484453 0.455882 0.484089 0.455834 0.493871
0 0.851302 0.995122 0.851663 0.982313 0.846460 0.982166 0.846098 0.994975
0 0.764301 0.995022 0.764907 0.982264 0.757425 0.981908 0.756819 0.994666
0 0.497543 0.432856 0.502051 0.413821 0.496594 0.412528 0.492086 0.431563
0 0.704669 0.997681 0.704775 0.984957 0.697234 0.984895 0.697128 0.997618
0 0.628936 0.034044 0.633516 0.008665 0.626742 0.007443 0.622162 0.032821
0 0.835457 0.995511 0.835634 0.985369 0.829242 0.985257 0.829065 0.995399
0 0.715319 0.995522 0.715796 0.985211 0.707462 0.984826 0.706985 0.995136
0 0.914183 0.995441 0.914501 0.984275 0.906975 0.984061 0.906658 0.995227
0 0.807438 0.400663 0.813082 0.352434 0.798481 0.350725 0.792837 0.398954
0 0.886463 0.995321 0.886534 0.984590 0.879427 0.984543 0.879356 0.995274
0 0.867422 0.995402 0.867922 0.984712 0.861198 0.984398 0.860698 0.995088
0 0.858476 0.994675 0.859150 0.982830 0.854030 0.982538 0.853356 0.994383
0 0.818081 0.994916 0.818284 0.984416 0.811480 0.984285 0.811277 0.994784
0 0.285014 0.993949 0.284990 0.983626 0.205078 0.983808 0.205101 0.994131
0 0.632895 0.037133 0.638974 0.014206 0.632498 0.012489 0.626419 0.035416
0 1.000000 0.334823 1.000000 0.221403 0.970647 0.222120 0.973400 0.335541
0 0.324635 0.040058 0.341052 0.036818 0.333111 0.000000 0.316693 0.000000
0 0.974321 0.997431 0.975365 0.985441 0.966946 0.984708 0.965902 0.996698
0 0.924051 0.995621 0.924317 0.984307 0.916267 0.984117 0.916000 0.995431
0 0.895318 0.007562 0.895531 0.000000 0.863980 0.000000 0.863767 0.006683
0 0.727562 0.997474 0.727688 0.984770 0.718241 0.984676 0.718114 0.997380
0 0.182811 0.308398 0.191498 0.304159 0.179214 0.278989 0.170528 0.283228
0 0.694543 0.995778 0.694783 0.984983 0.688853 0.984851 0.688614 0.995647
0 0.964489 0.995817 0.965366 0.984994 0.956433 0.984270 0.955556 0.995093
0 0.286632 0.582580 0.286820 0.572106 0.205660 0.570649 0.205472 0.581123
0 0.630469 0.035099 0.635551 0.012023 0.628178 0.010399 0.623095 0.033475
0 0.869375 0.995081 0.869672 0.984529 0.862822 0.984336 0.862526 0.994889
0 0.746028 0.995744 0.747316 0.982853 0.735471 0.981670 0.734183 0.994561
0 0.754970 0.069511 0.755076 0.057966 0.676185 0.057244 0.676079 0.068789
0 1.000000 0.447444 1.000000 0.435683 0.993889 0.435641 0.993809 0.447402
0 0.755625 0.995109 0.756066 0.982159 0.747288 0.981861 0.746847 0.994811
0 0.980373 0.607492 0.980416 0.595859 0.897316 0.595551 0.897273 0.607185
0 0.883256 0.657203 0.883412 0.647702 0.805071 0.646416 0.804915 0.655917
0 0.986930 0.996305 0.987886 0.984717 0.979510 0.984026 0.978554 0.995614
0 0.884389 0.013495 0.892244 0.003174 0.877398 0.000000 0.869544 0.002197
0 0.995005 0.283748 1.000000 0.272187 0.993248 0.262442 0.983476 0.274003
0 0.951110 0.995622 0.951576 0.984542 0.944075 0.984226 0.943608 0.995306
0 0.999954 0.766273 1.000000 0.755522 0.995159 0.755390 0.994881 0.766142
0 0.805056 0.994880 0.805030 0.982746 0.799415 0.982758 0.799440 0.994892
0 0.826906 0.994991 0.827082 0.985237 0.821352 0.985133 0.821176 0.994887
0 0.174583 0.820387 0.174717 0.807865 0.094646 0.807007 0.094512 0.819528
