0 0.954984 0.375380 0.971920 0.355887 0.963246 0.348350 0.946309 0.367844
0 0.881076 0.630557 0.910909 0.620947 0.906986 0.608769 0.877153 0.618379
0 0.973988 0.673259 1.000000 0.647138 0.998705 0.634441 0.964338 0.660562
0 0.427055 0.159833 0.460433 0.153571 0.457757 0.139307 0.424379 0.145570
0 0.538535 0.102774 0.566668 0.082720 0.558780 0.071654 0.530647 0.091709
0 0.792280 0.064387 0.791727 0.046488 0.742278 0.048015 0.742831 0.065914
0 0.114407 0.274854 0.115119 0.259501 0.071233 0.257466 0.070521 0.272819
0 0.783170 0.995338 0.783739 0.981267 0.776204 0.980962 0.775635 0.995033
0 0.747299 0.290447 0.790829 0.265412 0.781411 0.249038 0.737881 0.274073
0 0.903514 0.507639 0.925516 0.487189 0.917014 0.478042 0.895012 0.498492
0 0.097158 0.153780 0.133635 0.150589 0.132366 0.136082 0.095889 0.139273
0 0.796599 0.995567 0.797103 0.981636 0.789990 0.981379 0.789486 0.995309
0 0.773766 0.995265 0.774184 0.981560 0.766395 0.981323 0.765977 0.995028
0 0.764113 0.995091 0.764712 0.981746 0.757318 0.981413 0.756719 0.994759
0 0.934014 0.775776 0.934030 0.769375 0.919645 0.769340 0.919630 0.775741
0 0.940077 0.955509 0.980664 0.909911 0.958924 0.890560 0.918337 0.936158
0 0.698151 0.697371 0.733135 0.694975 0.732380 0.683944 0.697395 0.686339
0 0.362974 0.006312 0.362816 0.000000 0.331707 0.000000 0.331864 0.007002
0 0.704888 0.997690 0.705015 0.984755 0.697272 0.984679 0.697146 0.997614
0 0.680824 0.386600 0.681377 0.369995 0.623234 0.368061 0.622682 0.384666
0 0.817836 0.994961 0.818045 0.984404 0.811985 0.984284 0.811776 0.994841
0 0.715309 0.995529 0.715636 0.984976 0.707250 0.984716 0.706924 0.995270
0 0.576966 0.676049 0.614284 0.642135 0.602212 0.628851 0.564893 0.662765
0 0.755454 0.995370 0.755868 0.981780 0.747517 0.981526 0.747103 0.995116
0 0.835246 0.995284 0.835429 0.985375 0.829314 0.985262 0.829131 0.995171
0 0.850928 0.994995 0.851300 0.981710 0.846420 0.981573 0.846049 0.994859
0 0.745684 0.995677 0.746808 0.982629 0.735429 0.981649 0.734305 0.994697
0 0.727032 0.997398 0.727181 0.984671 0.718056 0.984564 0.717907 0.997291
0 0.805088 0.994964 0.804993 0.982366 0.799548 0.982407 0.799643 0.995005
0 0.060096 0.006805 0.060001 0.000000 0.039770 0.000035 0.039864 0.007076
0 0.003022 0.204284 0.020223 0.190798 0.009039 0.176533 0.000000 0.190020
0 0.826884 0.995137 0.827023 0.985165 0.821600 0.985089 0.821460 0.995061
0 0.808212 0.995357 0.808326 0.983052 0.802900 0.983003 0.802787 0.995307
0 0.472891 0.847180 0.482409 0.845800 0.479702 0.827131 0.470184 0.828511
0 0.694625 0.995799 0.694855 0.984759 0.688727 0.984632 0.688497 0.995672
0 0.728024 0.997983 0.728631 0.983429 0.721101 0.983115 0.720494 0.997669
0 0.858316 0.994709 0.859142 0.982219 0.854232 0.981894 0.853406 0.994385
0 0.986913 0.984208 1.000000 0.957419 0.998807 0.945346 0.973919 0.972136
0 0.229041 0.824953 0.229025 0.812942 0.147031 0.813056 0.147048 0.825067
0 0.867143 0.995431 0.867711 0.984465 0.861326 0.984134 0.860758 0.995100
0 0.809648 0.994327 0.809815 0.983775 0.804440 0.983689 0.804273 0.994241
0 0.886597 0.995611 0.886631 0.984694 0.878291 0.984667 0.878257 0.995585
