0 0.138731 0.068660 0.159825 0.039618 0.086400 0.000000 0.065306 0.015327
0 0.185339 0.216510 0.185255 0.207762 0.150487 0.208098 0.150572 0.216846
0 0.967893 0.779174 1.000000 0.774850 0.998046 0.750500 0.964732 0.754825
0 0.279798 0.049873 0.291345 0.032436 0.283410 0.027182 0.271864 0.044618
0 0.054563 0.145525 0.062007 0.135944 0.001812 0.089175 0.000000 0.098756
0 0.316261 0.154594 0.316006 0.144729 0.272594 0.145852 0.272849 0.155718
0 0.593103 0.818104 0.593148 0.806643 0.531035 0.806397 0.530989 0.817858
0 0.198510 0.122710 0.204312 0.108947 0.198323 0.106422 0.192521 0.120185
0 0.783039 0.995102 0.783511 0.981925 0.775871 0.981652 0.775399 0.994828
0 0.773677 0.995097 0.774084 0.982563 0.766282 0.982310 0.765876 0.994844
0 0.352633 0.154730 0.352673 0.145138 0.311750 0.144968 0.311710 0.154560
0 0.138244 0.346395 0.143908 0.326664 0.138869 0.325217 0.133204 0.344948
0 0.715388 0.995697 0.715861 0.985168 0.707477 0.984791 0.707003 0.995320
0 0.148954 0.217272 0.149001 0.207585 0.105930 0.207380 0.105884 0.217066
0 0.764371 0.995009 0.764925 0.982412 0.757342 0.982078 0.756788 0.994675
