0 0.321908 0.228889 0.338228 0.175230 0.318862 0.169340 0.302541 0.222999
0 0.363391 0.341035 0.376353 0.299468 0.361497 0.294835 0.348535 0.336402
0 0.306364 0.211561 0.307988 0.160167 0.288671 0.159557 0.287047 0.210951
0 0.287449 0.188977 0.288151 0.146036 0.270635 0.145750 0.269932 0.188690
0 0.541316 0.258084 0.550786 0.245409 0.516417 0.219731 0.506948 0.232405
0 0.347989 0.301663 0.361849 0.249570 0.343299 0.244634 0.329439 0.296727
0 0.376811 0.347566 0.390587 0.308374 0.376325 0.303361 0.362549 0.342553
0 0.468022 0.309563 0.497189 0.280095 0.486032 0.269052 0.456866 0.298521
0 0.459473 0.297367 0.482739 0.268243 0.471837 0.259534 0.448572 0.288658
0 0.416963 0.304205 0.431674 0.274033 0.420496 0.268583 0.405785 0.298755
0 0.354991 0.375476 0.368379 0.344268 0.355101 0.338572 0.341713 0.369780
0 0.452059 0.285154 0.469922 0.259299 0.460207 0.252586 0.442343 0.278441
0 0.404339 0.306295 0.418391 0.271311 0.406814 0.266661 0.392762 0.301645
0 0.682848 0.752248 0.823716 0.519915 0.774809 0.490262 0.633941 0.722595
0 0.433558 0.328596 0.462750 0.312849 0.456498 0.301260 0.427306 0.317006
0 0.390313 0.307642 0.403428 0.273293 0.390917 0.268516 0.377802 0.302865
0 0.449180 0.361942 0.485404 0.350621 0.480814 0.335933 0.444589 0.347254
0 0.437455 0.287447 0.457705 0.253763 0.446617 0.247097 0.426367 0.280782
0 0.224486 0.570154 0.252061 0.515192 0.235879 0.507073 0.208304 0.562035
0 0.433400 0.313463 0.454568 0.290184 0.445397 0.281845 0.424229 0.305124
0 0.364768 0.296101 0.379875 0.255928 0.364618 0.250191 0.349511 0.290363
0 0.469526 0.345137 0.496198 0.329882 0.489544 0.318248 0.462873 0.333503
0 0.392857 0.262011 0.412315 0.219707 0.397165 0.212739 0.377707 0.255043
0 0.378462 0.302468 0.393374 0.264097 0.378230 0.258211 0.363317 0.296582
0 0.738325 0.325427 0.762764 0.293139 0.644253 0.203439 0.619815 0.235727
0 0.420309 0.269919 0.437451 0.240382 0.426756 0.234175 0.409614 0.263711
0 0.430531 0.274943 0.447297 0.245842 0.437278 0.240069 0.420512 0.269170
0 0.486335 0.302258 0.506091 0.284815 0.499060 0.276851 0.479303 0.294295
0 0.462750 0.334830 0.497265 0.310036 0.485698 0.293934 0.451183 0.318728
0 0.403818 0.275018 0.426187 0.230230 0.411318 0.222804 0.388949 0.267592
0 0.164090 0.297367 0.169762 0.286648 0.141690 0.271793 0.136018 0.282512
0 0.171015 0.287311 0.177410 0.276786 0.150015 0.260141 0.143620 0.270666
0 0.460666 0.377376 0.467301 0.366675 0.441636 0.350759 0.435000 0.361460
0 0.356825 0.507441 0.364051 0.470118 0.347639 0.466940 0.340413 0.504263
0 0.425959 0.307630 0.442422 0.281087 0.432871 0.275163 0.416407 0.301705
0 0.379007 0.253366 0.394746 0.214982 0.381820 0.209681 0.366081 0.248066
0 0.495590 0.311626 0.516091 0.293457 0.507600 0.283876 0.487099 0.302044
0 0.819725 0.396507 0.831200 0.378757 0.762766 0.334515 0.751290 0.352265
