0 0.803924 0.629003 0.805748 0.612372 0.762418 0.607621 0.760594 0.624252
0 0.761156 0.561717 0.768652 0.546062 0.729144 0.527146 0.721649 0.542802
0 0.834605 0.576128 0.842515 0.564461 0.811391 0.543360 0.803482 0.555026
0 0.859164 0.558986 0.867344 0.546443 0.838070 0.527351 0.829889 0.539894
0 0.667482 0.551353 0.674514 0.536640 0.636459 0.518452 0.629426 0.533165
0 0.605817 0.472466 0.614665 0.462534 0.590515 0.441019 0.581667 0.450951
0 0.699548 0.521528 0.707861 0.507915 0.671063 0.485442 0.662750 0.499055
0 0.447138 0.523769 0.451941 0.511883 0.425553 0.501218 0.420749 0.513105
0 0.563802 0.524061 0.572839 0.514319 0.547880 0.491166 0.538843 0.500907
0 0.745005 0.590535 0.749199 0.576486 0.713709 0.565891 0.709515 0.579939
0 0.560626 0.421106 0.563223 0.409009 0.529610 0.401793 0.527013 0.413891
0 0.632576 0.462729 0.641722 0.451647 0.603758 0.420317 0.594613 0.431400
0 0.867015 0.653194 0.906421 0.641569 0.902118 0.626981 0.862711 0.638606
0 0.435382 0.422068 0.444472 0.413240 0.421229 0.389307 0.412139 0.398135
0 0.775724 0.441938 0.789067 0.432140 0.759741 0.392204 0.746398 0.402002
0 0.783292 0.598433 0.825646 0.591593 0.822691 0.573294 0.780337 0.580134
0 0.721919 0.625241 0.727507 0.611450 0.692941 0.597443 0.687353 0.611234
0 0.568732 0.358629 0.572305 0.345758 0.540711 0.336987 0.537138 0.349859
0 0.516784 0.457174 0.520536 0.443857 0.489755 0.435184 0.486002 0.448501
0 0.839425 0.686442 0.881631 0.683039 0.880366 0.667345 0.838159 0.670747
0 0.535875 0.554070 0.544689 0.538427 0.510230 0.519011 0.501416 0.534654
0 0.425075 0.432719 0.433094 0.424714 0.413316 0.404902 0.405297 0.412906
0 0.688386 0.677635 0.694809 0.662539 0.658418 0.647056 0.651995 0.662153
0 0.687410 0.407536 0.692985 0.397458 0.660997 0.379765 0.655422 0.389842
0 0.374011 0.369590 0.382902 0.363394 0.366693 0.340135 0.357802 0.346331
0 0.747311 0.693017 0.781777 0.683869 0.777852 0.669081 0.743386 0.678228
0 0.486692 0.485293 0.489066 0.470948 0.451996 0.464813 0.449622 0.479158
0 0.398633 0.399763 0.406070 0.393575 0.389599 0.373780 0.382162 0.379968
0 0.621428 0.604776 0.628821 0.592059 0.595743 0.572828 0.588350 0.585545
0 0.373144 0.497008 0.377804 0.485820 0.353203 0.475574 0.348544 0.486762
0 0.464203 0.349062 0.471488 0.342819 0.455017 0.323599 0.447732 0.329842
0 0.707059 0.371467 0.716336 0.366380 0.703170 0.342369 0.693892 0.347456
0 0.601173 0.361117 0.602808 0.348925 0.575803 0.345303 0.574168 0.357495
0 0.381348 0.353274 0.388248 0.347691 0.374652 0.330884 0.367751 0.336466
0 0.398476 0.378275 0.405703 0.373645 0.394629 0.356358 0.387402 0.360988
0 0.632785 0.365862 0.633818 0.354866 0.609404 0.352574 0.608372 0.363570
0 0.494701 0.382714 0.502658 0.375349 0.483172 0.354293 0.475214 0.361657
0 0.440942 0.321577 0.448037 0.315549 0.434447 0.299552 0.427352 0.305580
0 0.298945 0.419773 0.303822 0.410045 0.282735 0.399473 0.277858 0.409201
0 0.304602 0.407507 0.309705 0.398281 0.291455 0.388188 0.286352 0.397413
0 0.336175 0.494326 0.339210 0.485280 0.320183 0.478896 0.317148 0.487941
0 0.488449 0.388130 0.495136 0.382202 0.425963 0.304163 0.419276 0.310091
0 0.978916 0.556885 0.981719 0.550623 0.967535 0.544275 0.964732 0.550536
0 0.901134 0.601732 0.902946 0.593907 0.887753 0.590389 0.885941 0.598214
0 0.981655 0.646588 0.982090 0.638889 0.965574 0.637955 0.965139 0.645654
0 0.999844 0.573708 1.000000 0.566675 0.988690 0.564342 0.987374 0.571376
0 0.990758 0.563547 0.993469 0.556716 0.978408 0.550738 0.975696 0.557568
0 0.635057 0.360524 0.636936 0.349626 0.565532 0.337314 0.563653 0.348212
0 0.617740 0.563166 0.619907 0.554547 0.599170 0.549334 0.597003 0.557954
