0 0.113238 0.540040 0.120879 0.522586 0.080505 0.504912 0.072865 0.522366
0 0.214012 0.565925 0.219277 0.544678 0.168951 0.532205 0.163685 0.553452
0 0.367349 0.536707 0.369884 0.517168 0.318507 0.510503 0.315972 0.530042
0 0.041530 0.766858 0.074363 0.758195 0.070625 0.744029 0.037792 0.752692
0 0.486483 0.401738 0.495102 0.392701 0.472357 0.371008 0.463738 0.380045
0 0.006291 0.784032 0.006034 0.767879 0.000000 0.767982 0.000000 0.784135
0 0.011992 0.630754 0.014957 0.611552 0.000477 0.609317 0.000000 0.628518
0 0.012835 0.515250 0.012456 0.486681 0.000000 0.486858 0.000000 0.515427
0 0.012756 0.275817 0.021380 0.244085 0.005215 0.239692 0.000000 0.271424
0 0.261407 0.597173 0.266794 0.579109 0.221775 0.565685 0.216388 0.583749
0 0.115302 0.613217 0.124931 0.601045 0.096751 0.578752 0.087121 0.590925
0 0.968731 0.043953 0.969246 0.000000 0.856148 0.000000 0.855633 0.042657
0 0.060132 0.428302 0.070870 0.419087 0.052783 0.398012 0.042045 0.407228
0 0.994442 0.065210 0.994923 0.000000 0.855715 0.000000 0.855234 0.064186
0 0.473167 0.576266 0.493675 0.545015 0.476920 0.534020 0.456412 0.565271
0 0.255140 0.745443 0.264124 0.727435 0.224499 0.707667 0.215515 0.725675
