0 0.188910 0.188371 0.298048 0.168347 0.264155 0.000000 0.155017 0.003637
0 0.296794 0.430781 0.342980 0.423677 0.340475 0.407391 0.294289 0.414495
0 0.777997 0.920033 0.877432 0.890323 0.869822 0.864853 0.770387 0.894563
0 0.901016 0.126578 0.917038 0.121046 0.900086 0.071946 0.884064 0.077478
0 0.301540 0.469366 0.349859 0.461020 0.347019 0.444579 0.298700 0.452926
0 0.531438 0.419190 0.581199 0.400775 0.575517 0.385421 0.525756 0.403836
0 0.621814 0.381692 0.658370 0.370601 0.654103 0.356538 0.617547 0.367629
0 0.541123 0.452877 0.581334 0.441354 0.577347 0.427441 0.537136 0.438964
0 0.173562 0.158097 0.229692 0.149856 0.227177 0.132728 0.171048 0.140968
0 0.889580 0.860308 0.970925 0.827567 0.960920 0.802709 0.879575 0.835449
0 0.637778 0.265417 0.668877 0.254862 0.665237 0.244137 0.634138 0.254691
0 0.679993 0.413493 0.708323 0.404188 0.704785 0.393417 0.676455 0.402723
0 0.784153 0.890047 0.869062 0.866781 0.862584 0.843142 0.777676 0.866408
0 0.543119 0.470847 0.588204 0.457417 0.583686 0.442250 0.538601 0.455679
0 0.683590 0.427911 0.716617 0.419176 0.713342 0.406796 0.680316 0.415531
0 0.547362 0.486621 0.586299 0.475491 0.582364 0.461725 0.543427 0.472855
0 0.494444 0.474849 0.532827 0.466746 0.529913 0.452943 0.491530 0.461046
0 0.367445 0.515540 0.421424 0.507918 0.418673 0.488438 0.364695 0.496061
0 0.627878 0.902958 0.654257 0.898543 0.637577 0.798882 0.611198 0.803297
0 0.342571 0.335783 0.385845 0.323391 0.381534 0.308338 0.338260 0.320731
0 0.512204 0.338428 0.551055 0.325722 0.546820 0.312776 0.507970 0.325482
0 0.180015 0.133416 0.227528 0.125952 0.224966 0.109640 0.177452 0.117104
0 0.349378 0.402677 0.384334 0.397792 0.382553 0.385042 0.347596 0.389926
0 0.586899 0.250921 0.618844 0.240755 0.615088 0.228952 0.583143 0.239118
0 0.515286 0.353323 0.553877 0.341418 0.549985 0.328803 0.511395 0.340709
0 0.600204 0.309632 0.637947 0.299598 0.634478 0.286549 0.596735 0.296582
0 0.521927 0.383082 0.558346 0.372277 0.554250 0.358472 0.517831 0.369276
0 0.853577 0.130777 0.869127 0.125840 0.856266 0.085334 0.840715 0.090272
0 0.505508 0.277813 0.533984 0.268297 0.530368 0.257475 0.501892 0.266991
0 0.915901 0.113825 0.931333 0.108848 0.917616 0.066310 0.902184 0.071287
0 0.513530 0.207932 0.541879 0.199423 0.538958 0.189690 0.510609 0.198199
0 0.234306 0.103212 0.282387 0.092506 0.278618 0.075576 0.230536 0.086282
0 0.189609 0.196638 0.237706 0.189416 0.235265 0.173160 0.187168 0.180382
0 0.675959 0.397874 0.707053 0.386629 0.702932 0.375235 0.671839 0.386480
0 0.481699 0.415934 0.519626 0.407185 0.516242 0.392515 0.478315 0.401264
0 0.903632 0.876331 0.957796 0.857881 0.950959 0.837808 0.896794 0.856258
0 0.534907 0.437851 0.580464 0.421736 0.575338 0.407244 0.529780 0.423359
0 0.637681 0.423996 0.670657 0.414451 0.666944 0.401625 0.633968 0.411170
0 0.294333 0.390060 0.337315 0.384173 0.335215 0.368837 0.292232 0.374724
0 0.471248 0.387003 0.512538 0.374333 0.508057 0.359731 0.466767 0.372401
0 0.634507 0.249455 0.664825 0.240529 0.661874 0.230504 0.631555 0.239431
0 0.650434 0.293499 0.678270 0.283186 0.674294 0.272455 0.646459 0.282767
0 0.595707 0.294334 0.633216 0.281695 0.628699 0.268290 0.591190 0.280928
0 0.175506 0.177604 0.236069 0.169454 0.233648 0.151459 0.173084 0.159609
0 0.505828 0.309040 0.543204 0.298307 0.539397 0.285049 0.502021 0.295782
0 0.485594 0.247124 0.513648 0.238445 0.510150 0.227139 0.482096 0.235818
0 0.345187 0.384827 0.393745 0.379113 0.391848 0.362996 0.343290 0.368711
0 0.286693 0.282562 0.321557 0.275382 0.318796 0.261975 0.283933 0.269155
0 0.490448 0.457913 0.529323 0.451535 0.527075 0.437833 0.488200 0.444210
0 0.604847 0.340186 0.643804 0.328203 0.639619 0.314596 0.600661 0.326579
0 0.289788 0.409918 0.340084 0.404729 0.338334 0.387769 0.288039 0.392958
0 0.812288 0.141188 0.827322 0.136618 0.815010 0.096122 0.799977 0.100693
0 0.310227 0.538299 0.416807 0.521733 0.384575 0.314363 0.277995 0.330929
0 0.658212 0.323732 0.687751 0.310669 0.683055 0.300049 0.653515 0.313112
0 0.516983 0.221057 0.542825 0.212852 0.539869 0.203540 0.514026 0.211744
0 0.296881 0.450537 0.348290 0.441500 0.345401 0.425065 0.293992 0.434102
0 0.606693 0.161750 0.634804 0.151851 0.631138 0.141439 0.603027 0.151339
0 0.634287 0.407725 0.665016 0.399550 0.661937 0.387974 0.631207 0.396149
0 0.578168 0.199759 0.602519 0.192280 0.599528 0.182542 0.575177 0.190021
0 0.721238 0.268884 0.749285 0.261220 0.746211 0.249971 0.718164 0.257635
0 0.655390 0.893082 0.679948 0.888353 0.663384 0.802340 0.638826 0.807070
0 0.661596 0.338135 0.689735 0.328055 0.685947 0.317483 0.657809 0.327563
0 0.636818 0.453103 0.732313 0.423890 0.667104 0.210729 0.571609 0.239942
0 0.768664 0.380222 0.796978 0.368008 0.791851 0.356124 0.763538 0.368338
0 0.171250 0.022847 0.206798 0.016635 0.204608 0.004097 0.169059 0.010310
0 0.499199 0.507932 0.598632 0.481371 0.539905 0.261520 0.440473 0.288080
0 0.604473 0.146763 0.628329 0.138496 0.625174 0.129391 0.601318 0.137658
0 0.867193 0.163999 0.879968 0.159891 0.869603 0.127662 0.856828 0.131771
0 0.796711 0.144946 0.810898 0.140674 0.799163 0.101707 0.784976 0.105980
0 0.783179 0.159698 0.799438 0.154698 0.785409 0.109075 0.769150 0.114074
0 0.466482 0.194985 0.493052 0.186785 0.489622 0.175672 0.463052 0.183872
0 0.715770 0.236957 0.738496 0.227461 0.734717 0.218417 0.711991 0.227913
0 0.401794 0.216027 0.432420 0.204146 0.428053 0.192888 0.397427 0.204769
0 0.694987 0.213266 0.722879 0.204372 0.719567 0.193985 0.691675 0.202880
0 0.221505 0.015990 0.258493 0.005402 0.254721 0.000000 0.217733 0.002814
0 0.826302 0.177107 0.840202 0.173468 0.830347 0.135830 0.816447 0.139470
0 0.522902 0.235044 0.547916 0.227494 0.545008 0.217860 0.519994 0.225410
0 0.361051 0.212504 0.390906 0.205996 0.388126 0.193244 0.358271 0.199753
0 0.785841 0.104032 0.799291 0.099796 0.788582 0.065789 0.775132 0.070024
0 0.970512 0.135095 0.983022 0.131576 0.974095 0.099843 0.961585 0.103362
0 0.504618 0.182590 0.534867 0.173406 0.531804 0.163318 0.501555 0.172502
0 0.288543 0.337854 0.342124 0.325530 0.316810 0.215478 0.263230 0.227803
0 0.307715 0.321009 0.331483 0.312018 0.327781 0.302234 0.304014 0.311225
0 0.333461 0.542955 0.364083 0.540921 0.362931 0.523574 0.332309 0.525608
0 0.281572 0.240222 0.308627 0.233839 0.306193 0.223521 0.279138 0.229904
0 0.189992 0.818470 0.196462 0.794118 0.186453 0.791459 0.179983 0.815811
0 0.774216 0.360628 0.791365 0.353829 0.788418 0.346397 0.771270 0.353196
0 0.096407 0.391972 0.095585 0.342270 0.077453 0.342569 0.078275 0.392272
0 0.265430 0.258714 0.275800 0.257003 0.271352 0.230045 0.260981 0.231756
0 0.906158 0.151131 0.916404 0.148394 0.909880 0.123979 0.899635 0.126716
0 0.916665 0.144508 0.926771 0.141547 0.919552 0.116909 0.909446 0.119870
0 0.485160 0.263026 0.559807 0.238230 0.528842 0.145012 0.454195 0.169808
0 0.600157 0.134685 0.622034 0.126468 0.618238 0.116361 0.596361 0.124579
0 0.999949 0.951749 1.000000 0.940877 0.975194 0.938161 0.974054 0.949033
0 0.067513 0.757047 0.067687 0.746409 0.002772 0.745347 0.002598 0.755985
0 0.767112 0.108972 0.778599 0.105268 0.767303 0.070234 0.755816 0.073938
0 0.783175 0.995472 0.783755 0.981548 0.776088 0.981229 0.775507 0.995153
0 0.105494 0.400404 0.111267 0.351526 0.096456 0.349777 0.090684 0.398655
0 0.055250 0.069073 0.055352 0.058896 0.000579 0.058350 0.000478 0.068527
0 0.794964 0.398211 0.817880 0.389064 0.732465 0.175069 0.709549 0.184215
0 0.998793 0.973765 1.000000 0.951884 0.971762 0.948067 0.968962 0.969948
0 0.781699 0.405710 0.818655 0.390614 0.732661 0.180089 0.695705 0.195185
0 0.773852 0.995597 0.774193 0.982246 0.766125 0.982040 0.765785 0.995391
0 0.797036 0.995270 0.797334 0.981689 0.789977 0.981528 0.789680 0.995109
0 0.195622 0.007510 0.195759 0.000053 0.161241 0.000000 0.161104 0.006875
0 0.179791 0.818511 0.182648 0.796467 0.173712 0.795309 0.170855 0.817353
0 0.833034 0.528284 0.899950 0.515514 0.897473 0.502536 0.830557 0.515306
0 0.988400 0.996495 0.988842 0.983815 0.978967 0.983470 0.978525 0.996151
0 0.880782 0.978080 0.880959 0.932665 0.857866 0.932575 0.857688 0.977990
0 0.974371 0.997728 0.975252 0.984591 0.966386 0.983996 0.965504 0.997133
0 0.186923 0.655369 0.186867 0.645499 0.099591 0.645990 0.099646 0.655860
0 0.025470 0.343677 0.025508 0.335196 0.000420 0.335084 0.000382 0.343565
0 0.299647 0.767322 0.299127 0.753857 0.294149 0.754049 0.294670 0.767514
0 0.997289 0.996205 0.998015 0.985893 0.988901 0.985252 0.988175 0.995564
0 0.511458 0.241276 0.524970 0.237035 0.498854 0.153815 0.485341 0.158055
0 0.764430 0.995241 0.764966 0.982226 0.757328 0.981911 0.756792 0.994927
0 0.728298 0.997330 0.728509 0.984523 0.717407 0.984340 0.717196 0.997147
