0 0.324990 0.313292 0.328032 0.294095 0.285475 0.287353 0.282434 0.306550
0 0.486267 0.313794 0.492416 0.299251 0.373296 0.248884 0.367146 0.263427
0 1.000000 0.636841 1.000000 0.610481 0.989691 0.610505 0.989747 0.636866
0 0.783259 0.995253 0.783775 0.981433 0.775913 0.981139 0.775397 0.994960
0 0.715405 0.995714 0.715926 0.985041 0.707290 0.984619 0.706769 0.995292
0 0.475356 0.348558 0.493125 0.284778 0.288138 0.227669 0.270369 0.291448
0 0.861001 0.941662 0.869906 0.923409 0.825349 0.901670 0.816443 0.919923
0 0.704872 0.997768 0.705045 0.984746 0.697040 0.984640 0.696866 0.997661
0 0.871945 0.769232 0.879781 0.762491 0.867748 0.748503 0.859912 0.755245
0 0.773908 0.995341 0.774284 0.982132 0.766215 0.981902 0.765839 0.995112
0 0.749174 0.794074 0.764716 0.783554 0.736610 0.742031 0.721069 0.752550
