0 0.719803 0.882027 0.725787 0.783009 0.697399 0.781294 0.691415 0.880311
0 0.808261 0.893375 0.836136 0.892427 0.832115 0.774211 0.804240 0.775159
0 0.428151 0.699069 0.427870 0.688968 0.404780 0.689611 0.405061 0.699712
0 0.428336 0.729271 0.428036 0.719837 0.406223 0.720531 0.406523 0.729965
0 0.429066 0.688878 0.428774 0.678974 0.406505 0.679631 0.406797 0.689536
0 0.430268 0.717270 0.429978 0.707077 0.407331 0.707721 0.407621 0.717914
0 0.326162 0.714958 0.348878 0.713338 0.348197 0.703788 0.325481 0.705408
0 0.428847 0.678366 0.428391 0.668915 0.406882 0.669953 0.407338 0.679404
0 0.654139 0.903355 0.656465 0.893348 0.601567 0.880587 0.599241 0.890594
0 0.305667 0.743616 0.315846 0.734117 0.306871 0.724500 0.296692 0.734000
0 0.262157 0.773260 0.262364 0.764423 0.244945 0.764013 0.244738 0.772851
0 0.288853 0.795317 0.298256 0.794399 0.295906 0.770308 0.286503 0.771226
0 0.424475 0.743287 0.424160 0.734228 0.404769 0.734903 0.405085 0.743962
0 0.266264 0.821163 0.276243 0.820213 0.274138 0.798087 0.264159 0.799036
0 0.246095 0.802324 0.262317 0.790843 0.257268 0.783708 0.241045 0.795189
0 0.297459 0.603586 0.297326 0.584099 0.287287 0.584167 0.287420 0.603655
0 0.237164 0.827502 0.237901 0.807935 0.228655 0.807587 0.227918 0.827154
0 0.247284 0.829309 0.248411 0.810048 0.239315 0.809516 0.238188 0.828777
