0 0.332355 0.961199 0.352466 0.933373 0.342814 0.926397 0.322703 0.954223
0 0.322212 0.953761 0.342354 0.923869 0.331802 0.916758 0.311660 0.946650
0 0.606053 0.917041 0.619190 0.891184 0.498188 0.829708 0.485051 0.855565
0 0.346284 0.963111 0.364317 0.938397 0.355060 0.931642 0.337026 0.956357
0 0.302342 0.945765 0.317588 0.916211 0.306776 0.910634 0.291531 0.940187
0 0.387770 0.994286 0.393004 0.983509 0.364035 0.969438 0.358800 0.980214
0 0.375213 1.000000 0.380994 0.993386 0.354858 0.978022 0.349076 0.987858
0 0.295766 0.931789 0.304528 0.907166 0.295451 0.903936 0.286689 0.928559
0 0.288578 0.922401 0.296180 0.900242 0.287298 0.897195 0.279696 0.919354
0 0.358351 1.000000 0.364093 0.998660 0.346032 0.986853 0.340290 0.995636
0 0.702047 0.768500 0.740396 0.667644 0.527447 0.586675 0.489099 0.687531
0 0.356970 0.963504 0.377168 0.950905 0.371608 0.941992 0.351411 0.954591
0 0.952172 0.811788 0.969712 0.803084 0.947422 0.758166 0.929882 0.766870
0 0.957118 0.965434 0.969147 0.954075 0.938634 0.921765 0.926605 0.933125
0 0.867612 0.995517 0.868125 0.984701 0.861173 0.984371 0.860661 0.995187
0 0.886530 0.995490 0.886578 0.984704 0.879143 0.984671 0.879095 0.995457
0 0.858647 0.994690 0.859313 0.982791 0.854010 0.982494 0.853344 0.994394
0 0.835431 0.995309 0.835550 0.985193 0.829192 0.985119 0.829073 0.995234
0 0.999355 0.701813 1.000000 0.690372 0.990769 0.664514 0.977334 0.675955
0 0.851328 0.994886 0.851628 0.982392 0.846365 0.982266 0.846065 0.994760
0 0.974317 0.997742 0.975513 0.985234 0.967024 0.984422 0.965827 0.996930
0 0.817982 0.994924 0.818198 0.984551 0.811784 0.984418 0.811569 0.994790
0 0.869323 0.995128 0.869671 0.984876 0.862911 0.984646 0.862562 0.994898
0 0.340435 1.000000 0.340510 0.994447 0.327479 0.994283 0.327404 1.000000
0 0.914304 0.995430 0.914717 0.984261 0.907112 0.983980 0.906699 0.995149
0 0.783087 0.995188 0.783624 0.981658 0.775866 0.981350 0.775329 0.994879
0 0.797164 0.995430 0.797507 0.981998 0.789808 0.981801 0.789465 0.995234
0 0.826943 0.995011 0.827077 0.985088 0.821454 0.985012 0.821320 0.994935
0 0.986818 0.996316 0.987908 0.984502 0.979450 0.983721 0.978360 0.995535
0 0.923755 0.995586 0.924057 0.984306 0.916345 0.984099 0.916043 0.995379
0 0.773851 0.995335 0.774315 0.982378 0.766267 0.982090 0.765804 0.995047
