0 0.136429 0.425149 0.148690 0.397279 0.138359 0.392734 0.126098 0.420604
0 0.054589 0.381005 0.055583 0.344022 0.040920 0.343628 0.039926 0.380611
0 0.106478 0.522232 0.123888 0.519003 0.115758 0.475173 0.098348 0.478402
0 0.176390 0.013642 0.176874 0.000000 0.158907 0.000000 0.158423 0.013085
0 0.005364 0.589776 0.022780 0.587514 0.017009 0.543087 0.000000 0.545350
0 0.011070 0.648233 0.011123 0.592777 0.000000 0.592765 0.000000 0.648222
0 0.223503 0.083776 0.241530 0.075038 0.219410 0.029404 0.201384 0.038142
0 0.782987 0.995064 0.783506 0.981702 0.776004 0.981411 0.775485 0.994772
0 0.797077 0.995545 0.797434 0.982133 0.789911 0.981933 0.789554 0.995345
0 0.773640 0.995057 0.774063 0.982229 0.766410 0.981976 0.765986 0.994804
0 0.835402 0.995298 0.835525 0.985352 0.829228 0.985274 0.829105 0.995220
0 0.715348 0.995700 0.715890 0.984965 0.707402 0.984537 0.706860 0.995272
0 0.851217 0.994906 0.851514 0.982271 0.846460 0.982152 0.846162 0.994787
