0 0.576281 0.658624 0.586320 0.646159 0.508683 0.583636 0.498645 0.596102
0 0.853168 0.415613 0.860221 0.406433 0.807110 0.365626 0.800057 0.374805
0 0.912156 0.339906 0.921969 0.333224 0.876178 0.265981 0.866366 0.272664
0 0.343851 0.875896 0.357212 0.872557 0.335139 0.784227 0.321778 0.787565
0 0.766704 0.497959 0.778601 0.491244 0.736826 0.417230 0.724929 0.423945
0 0.703634 0.867277 0.714166 0.862784 0.695917 0.820011 0.685385 0.824505
0 0.783020 0.995084 0.783512 0.981708 0.776050 0.981433 0.775558 0.994810
0 0.797001 0.995329 0.797345 0.981904 0.789975 0.981715 0.789631 0.995139
0 0.946933 0.642899 0.960378 0.609959 0.947309 0.604625 0.933863 0.637564
0 0.773767 0.995107 0.774112 0.982118 0.766362 0.981912 0.766016 0.994901
0 0.764278 0.995062 0.764830 0.982091 0.757355 0.981772 0.756802 0.994744
0 0.835311 0.995224 0.835472 0.985362 0.829286 0.985260 0.829125 0.995122
0 0.996381 0.282184 1.000000 0.279063 0.994475 0.217381 0.981520 0.220503
0 0.817847 0.994797 0.818102 0.984602 0.811928 0.984448 0.811672 0.994643
0 0.715336 0.995614 0.715819 0.984967 0.707358 0.984583 0.706875 0.995230
0 0.884093 0.788691 0.902605 0.751263 0.888371 0.744223 0.869859 0.781651
0 0.704791 0.997667 0.704936 0.984765 0.697163 0.984678 0.697017 0.997579
0 0.851221 0.994873 0.851540 0.982365 0.846508 0.982236 0.846188 0.994744
0 0.858490 0.994480 0.859188 0.982854 0.854123 0.982550 0.853425 0.994176
0 0.867442 0.995250 0.867972 0.984881 0.861265 0.984538 0.860735 0.994907
0 0.886434 0.995331 0.886497 0.984675 0.879413 0.984632 0.879349 0.995288
0 0.745833 0.995606 0.747010 0.982861 0.735408 0.981789 0.734231 0.994535
0 0.755603 0.995337 0.756051 0.982146 0.747532 0.981856 0.747084 0.995047
0 0.727694 0.997455 0.727890 0.984660 0.717982 0.984508 0.717786 0.997303
0 0.808029 0.994913 0.807992 0.983605 0.802623 0.983623 0.802661 0.994931
0 0.694713 0.995688 0.694979 0.984957 0.688784 0.984803 0.688519 0.995534
0 0.826789 0.994927 0.826959 0.985226 0.821508 0.985131 0.821338 0.994832
0 0.869363 0.995030 0.869728 0.984859 0.862881 0.984613 0.862516 0.994784
