0 0.378315 0.545441 0.427904 0.498958 0.332167 0.396825 0.282579 0.443308
0 0.256372 0.667297 0.290322 0.641561 0.198075 0.519875 0.164126 0.545612
0 0.123095 0.808408 0.176486 0.763209 0.052902 0.617227 0.000000 0.662426
0 0.206950 0.700718 0.227569 0.685820 0.145456 0.572178 0.124837 0.587076
0 0.335402 0.933648 0.379586 0.916816 0.371907 0.896660 0.327723 0.913492
0 0.018988 0.929666 0.061519 0.893974 0.007492 0.829594 0.000000 0.865287
0 0.435932 0.883089 0.468485 0.841939 0.450752 0.827911 0.418199 0.869061
0 0.475134 0.367701 0.489049 0.362464 0.462459 0.291813 0.448545 0.297050
0 0.051958 0.845026 0.088384 0.819387 0.005381 0.701463 0.000000 0.727102
0 0.783136 0.995117 0.783674 0.981322 0.776032 0.981024 0.775494 0.994819
0 0.704896 0.997796 0.705058 0.984637 0.697118 0.984539 0.696956 0.997698
0 0.438308 0.803236 0.445724 0.778759 0.434413 0.775332 0.426997 0.799809
0 0.773761 0.995138 0.774061 0.981797 0.766276 0.981622 0.765976 0.994963
0 0.715558 0.995617 0.715923 0.985048 0.707107 0.984743 0.706741 0.995312
0 0.353295 0.659194 0.374990 0.651439 0.371352 0.641264 0.349657 0.649019
0 0.764269 0.995134 0.764780 0.981572 0.757406 0.981295 0.756895 0.994857
0 0.302503 0.855045 0.319552 0.840424 0.311892 0.831492 0.294844 0.846113
0 0.532978 0.947970 0.572087 0.921742 0.561056 0.905295 0.521948 0.931523
0 0.797079 0.995504 0.797377 0.981621 0.789802 0.981459 0.789504 0.995342
0 0.727477 0.997544 0.727744 0.984555 0.718082 0.984356 0.717815 0.997345
0 0.175337 0.944483 0.215446 0.909374 0.201646 0.893608 0.161536 0.928717
0 0.694746 0.995805 0.695041 0.984733 0.688749 0.984565 0.688453 0.995637
0 0.755623 0.995475 0.756067 0.981744 0.747810 0.981477 0.747365 0.995207
0 0.745843 0.995791 0.747120 0.982844 0.735273 0.981676 0.733996 0.994623
0 0.835375 0.995279 0.835479 0.985125 0.829193 0.985061 0.829089 0.995214
0 0.851228 0.994853 0.851533 0.982139 0.846421 0.982017 0.846116 0.994731
0 0.858466 0.994472 0.859161 0.982640 0.854075 0.982341 0.853379 0.994172
0 0.817997 0.994880 0.818210 0.984278 0.811787 0.984149 0.811575 0.994752
0 0.867267 0.995218 0.867770 0.984675 0.861250 0.984364 0.860747 0.994906
