0 0.726876 0.457452 0.771132 0.442053 0.764994 0.424412 0.720738 0.439811
0 0.556999 0.751056 0.613534 0.741784 0.591357 0.606554 0.534822 0.615826
0 0.131668 0.710531 0.134088 0.691081 0.082305 0.684638 0.079885 0.704088
0 0.628497 0.444914 0.670880 0.440910 0.669447 0.425745 0.627064 0.429750
0 0.845966 0.348210 0.893256 0.345090 0.892035 0.326597 0.844746 0.329717
0 0.410100 0.379265 0.450794 0.367760 0.446677 0.353199 0.405983 0.364704
0 0.902390 0.706103 0.917490 0.638459 0.894307 0.633284 0.879207 0.700927
0 0.173977 0.526729 0.211949 0.523019 0.210575 0.508957 0.172603 0.512667
0 0.233244 0.447378 0.258557 0.441154 0.219955 0.284176 0.194642 0.290401
0 0.757342 0.272784 0.782340 0.271497 0.779853 0.223180 0.754855 0.224467
0 0.287957 0.521999 0.289457 0.509248 0.251072 0.504733 0.249572 0.517484
0 0.321636 0.410387 0.365732 0.403069 0.362758 0.385143 0.318662 0.392460
0 0.026832 0.537385 0.054651 0.529703 0.013886 0.382067 0.000000 0.389748
0 0.328631 0.804825 0.355517 0.801201 0.336806 0.662385 0.309920 0.666009
0 0.775869 0.420361 0.805557 0.413785 0.802758 0.401148 0.773070 0.407723
0 0.825267 0.633976 0.826591 0.619968 0.790781 0.616586 0.789458 0.630594
0 0.821248 0.688117 0.823518 0.632649 0.786260 0.631125 0.783990 0.686592
