0 0.802101 0.061628 0.802188 0.050280 0.735121 0.049765 0.735034 0.061114
0 0.783044 0.995091 0.783556 0.981846 0.775931 0.981551 0.775419 0.994796
0 0.773711 0.994987 0.774084 0.982336 0.766254 0.982105 0.765880 0.994756
0 0.764390 0.994985 0.764907 0.982168 0.757306 0.981861 0.756789 0.994679
0 0.968695 0.059345 0.972675 0.056703 0.961543 0.039935 0.957563 0.042578
0 0.835342 0.995274 0.835493 0.985453 0.829253 0.985358 0.829102 0.995178
0 0.797232 0.995373 0.797578 0.981968 0.789967 0.981771 0.789621 0.995177
0 0.715488 0.995680 0.715956 0.985196 0.707367 0.984813 0.706899 0.995296
0 0.998058 0.120433 1.000000 0.115602 0.988602 0.099882 0.983415 0.104713
0 0.851192 0.994830 0.851559 0.982405 0.846582 0.982258 0.846214 0.994683
0 0.818050 0.994755 0.818308 0.984572 0.811558 0.984401 0.811300 0.994584
0 0.745967 0.995508 0.747113 0.982921 0.735395 0.981854 0.734249 0.994441
0 0.727885 0.997458 0.728080 0.984766 0.718027 0.984612 0.717831 0.997304
