0 0.935768 0.886534 0.949020 0.872969 0.918062 0.842723 0.904809 0.856288
0 0.731208 0.569369 0.741970 0.560135 0.703804 0.515650 0.693042 0.524883
0 0.965577 0.306373 0.972057 0.300230 0.937599 0.263886 0.931120 0.270029
0 0.783065 0.995151 0.783600 0.981586 0.776039 0.981288 0.775505 0.994853
0 0.773665 0.995032 0.774079 0.982091 0.766341 0.981844 0.765927 0.994785
0 0.510374 0.333026 0.528859 0.304123 0.517572 0.296905 0.499087 0.325808
0 0.797018 0.995495 0.797370 0.981994 0.789892 0.981798 0.789540 0.995300
0 0.764210 0.995019 0.764825 0.982014 0.757444 0.981665 0.756828 0.994669
0 0.886356 0.995300 0.886414 0.984761 0.879586 0.984724 0.879529 0.995262
0 0.835339 0.995295 0.835484 0.985352 0.829251 0.985261 0.829106 0.995204
0 0.867574 0.995372 0.868092 0.984820 0.861191 0.984481 0.860673 0.995033
0 0.858590 0.994670 0.859254 0.982853 0.854029 0.982560 0.853366 0.994377
0 0.851306 0.994919 0.851608 0.982319 0.846425 0.982194 0.846123 0.994795
0 0.974324 0.997556 0.975426 0.985390 0.966948 0.984622 0.965846 0.996788
0 0.817930 0.994816 0.818155 0.984580 0.811823 0.984441 0.811597 0.994676
0 0.910242 0.519492 0.918665 0.476550 0.897850 0.472468 0.889428 0.515409
0 0.869301 0.995031 0.869665 0.984836 0.862986 0.984598 0.862623 0.994792
0 0.914199 0.995326 0.914605 0.984460 0.907124 0.984180 0.906718 0.995047
0 0.715280 0.995743 0.715801 0.984970 0.707296 0.984559 0.706775 0.995332
0 0.755572 0.995275 0.756067 0.982044 0.747654 0.981730 0.747160 0.994961
0 0.745869 0.995633 0.747100 0.982834 0.735433 0.981712 0.734202 0.994511
