0 0.214503 0.031711 0.235426 0.000723 0.218335 0.000000 0.197412 0.020171
0 0.801902 0.540245 0.855779 0.519609 0.847158 0.497102 0.793282 0.517738
0 1.000000 0.250072 1.000000 0.225525 0.975400 0.226308 0.976143 0.250855
0 0.999840 0.698463 0.999982 0.668781 0.984705 0.668708 0.984563 0.698390
0 0.518864 0.016381 0.519020 0.000000 0.489441 0.000000 0.489285 0.016109
0 0.743028 0.028669 0.765233 0.008080 0.743112 0.000000 0.720908 0.004812
0 0.996243 0.795685 1.000000 0.770643 0.998542 0.759416 0.980586 0.784458
0 0.783028 0.995099 0.783537 0.981623 0.776028 0.981339 0.775519 0.994815
0 0.796921 0.995385 0.797314 0.981971 0.789952 0.981755 0.789558 0.995169
0 0.773656 0.995005 0.774035 0.982230 0.766397 0.982003 0.766018 0.994778
0 0.835300 0.995248 0.835436 0.985367 0.829300 0.985283 0.829164 0.995163
0 0.817971 0.994779 0.818191 0.984442 0.811836 0.984306 0.811616 0.994643
0 0.851249 0.994863 0.851558 0.982374 0.846461 0.982248 0.846152 0.994737
0 0.858502 0.994448 0.859168 0.982916 0.854032 0.982619 0.853366 0.994152
0 0.715417 0.995791 0.715934 0.984975 0.707244 0.984559 0.706727 0.995376
0 0.764242 0.994985 0.764807 0.982096 0.757418 0.981772 0.756853 0.994661
