0 0.072357 0.917768 0.091602 0.893165 0.004916 0.825355 0.000000 0.849958
0 0.156631 0.918717 0.224337 0.854273 0.073219 0.695507 0.005513 0.759951
0 0.234677 0.713038 0.256040 0.690010 0.138951 0.581384 0.117588 0.604411
0 0.647850 0.301769 0.685391 0.256439 0.528845 0.126794 0.491305 0.172124
0 0.773774 0.494814 0.813678 0.453591 0.795283 0.435784 0.755379 0.477007
0 0.516656 0.309417 0.539567 0.277605 0.429822 0.198567 0.406911 0.230379
0 0.481937 0.401123 0.502038 0.374232 0.377232 0.280940 0.357132 0.307830
0 0.392194 0.768106 0.420353 0.742602 0.408645 0.729674 0.380486 0.755179
0 0.398400 0.683236 0.405324 0.667028 0.396568 0.663288 0.389644 0.679496
0 0.470351 0.805183 0.506355 0.778069 0.494875 0.762826 0.458872 0.789941
0 0.862375 0.083571 0.919714 0.024983 0.843505 0.000000 0.786166 0.008986
0 0.562167 0.714632 0.601165 0.688506 0.590745 0.672952 0.551747 0.699078
0 0.902980 0.217787 0.944616 0.183376 0.930673 0.166505 0.889037 0.200916
0 0.930781 0.492225 0.944663 0.451379 0.927367 0.445501 0.913485 0.486347
0 0.873527 0.555771 0.896548 0.524254 0.882880 0.514270 0.859859 0.545787
0 0.526955 0.517556 0.536383 0.481820 0.521065 0.477778 0.511637 0.513515
0 0.751789 0.208653 0.795534 0.172806 0.637070 0.000000 0.593325 0.015276
0 0.261747 0.600258 0.276051 0.580377 0.266409 0.573439 0.252105 0.593320
0 0.909460 0.880346 0.954647 0.845807 0.940964 0.827906 0.895777 0.862444
0 0.370360 0.865543 0.397919 0.828036 0.381951 0.816303 0.354391 0.853810
0 0.974439 0.997585 0.975541 0.985330 0.966842 0.984547 0.965740 0.996803
0 0.803105 0.984858 0.814175 0.947955 0.796495 0.942651 0.785424 0.979554
0 0.705022 0.997944 0.705213 0.984739 0.697017 0.984621 0.696826 0.997825
0 0.778895 0.126645 0.822491 0.094390 0.725704 0.000000 0.682108 0.000000
0 0.513381 0.970638 0.545403 0.943738 0.534643 0.930928 0.502620 0.957829
0 0.886690 0.995478 0.886735 0.984842 0.878894 0.984809 0.878849 0.995446
0 0.639674 0.963003 0.668829 0.929244 0.654659 0.917007 0.625504 0.950766
0 0.794563 0.399048 0.806568 0.367503 0.792449 0.362129 0.780443 0.393675
0 0.715473 0.995660 0.715872 0.985129 0.707085 0.984796 0.706686 0.995327
0 0.891284 0.029572 0.907981 0.016062 0.902020 0.008695 0.885323 0.022205
0 0.066340 1.000000 0.091339 0.976403 0.000212 0.907747 0.000000 0.940927
0 0.914391 0.995422 0.914811 0.984405 0.907036 0.984109 0.906616 0.995126
0 0.867953 0.995479 0.868498 0.984826 0.861038 0.984445 0.860493 0.995098
0 0.727724 0.997493 0.727926 0.984603 0.717915 0.984447 0.717714 0.997337
0 0.835486 0.995334 0.835643 0.985343 0.829203 0.985242 0.829047 0.995233
0 0.820065 0.313154 0.860570 0.277818 0.846066 0.261192 0.805561 0.296528
0 0.987034 0.996306 0.988128 0.984564 0.979413 0.983752 0.978319 0.995494
0 0.851460 0.995088 0.851729 0.982410 0.846293 0.982294 0.846024 0.994973
0 0.858857 0.994802 0.859507 0.982830 0.853914 0.982526 0.853264 0.994498
0 0.924232 0.995584 0.924540 0.984420 0.916225 0.984191 0.915917 0.995354
