0 0.663395 0.714809 0.706370 0.704471 0.702236 0.687291 0.659262 0.697630
0 0.688919 0.816783 0.702880 0.812912 0.693943 0.780679 0.679982 0.784549
0 0.690470 0.638381 0.730098 0.626785 0.724809 0.608710 0.685181 0.620307
0 0.628615 0.610491 0.670151 0.605036 0.667900 0.587896 0.626364 0.593351
0 0.475740 0.556830 0.480963 0.510445 0.461189 0.508218 0.455966 0.554604
0 0.514306 0.443650 0.526853 0.435066 0.507702 0.407076 0.495155 0.415661
0 0.783196 0.995282 0.783786 0.981450 0.776036 0.981119 0.775446 0.994951
0 0.590001 0.495076 0.607563 0.491773 0.598928 0.445855 0.581365 0.449158
0 0.773892 0.995306 0.774296 0.981957 0.766279 0.981714 0.765875 0.995064
0 0.764279 0.995210 0.764874 0.981987 0.757288 0.981645 0.756694 0.994869
0 0.553157 0.413414 0.562355 0.369643 0.544731 0.365939 0.535533 0.409710
0 0.236474 0.305952 0.242842 0.299758 0.209633 0.265621 0.203265 0.271815
0 0.797211 0.995725 0.797512 0.981651 0.789674 0.981483 0.789374 0.995557
0 0.771597 0.330784 0.807974 0.295416 0.795198 0.282276 0.758822 0.317645
0 0.755620 0.995635 0.756117 0.982114 0.747618 0.981801 0.747120 0.995323
0 0.182489 0.519069 0.190040 0.476574 0.169179 0.472867 0.161627 0.515362
0 0.715383 0.995708 0.715837 0.985000 0.707198 0.984634 0.706744 0.995342
0 0.704875 0.997773 0.705033 0.984778 0.697074 0.984682 0.696917 0.997677
0 0.745712 0.995796 0.747040 0.982889 0.735370 0.981689 0.734042 0.994596
0 0.727798 0.997577 0.728038 0.984640 0.717941 0.984453 0.717702 0.997390
0 0.161462 0.725684 0.179006 0.716183 0.154959 0.671778 0.137415 0.681279
0 0.851515 0.995325 0.852104 0.981211 0.845882 0.980951 0.845294 0.995065
0 0.206586 0.885029 0.219030 0.871468 0.188203 0.843180 0.175759 0.856741
0 0.835622 0.995614 0.835884 0.984396 0.828770 0.984230 0.828508 0.995448
0 0.818080 0.995108 0.818248 0.983879 0.811669 0.983780 0.811501 0.995010
