0 0.045627 0.494306 0.085748 0.453777 0.067585 0.435797 0.027464 0.476326
0 0.336036 0.207643 0.380454 0.190385 0.372489 0.169885 0.328071 0.187143
0 0.016234 0.202355 0.059868 0.166073 0.007055 0.102558 0.000000 0.138839
0 0.436115 0.156915 0.468506 0.115307 0.450347 0.101171 0.417956 0.142779
0 0.054750 0.118867 0.087400 0.096685 0.018653 0.000000 0.000000 0.017677
0 0.130145 0.081339 0.184911 0.027918 0.110319 0.000000 0.055552 0.004867
0 0.202484 0.492980 0.216738 0.451564 0.199101 0.445493 0.184847 0.486910
0 0.065471 0.398639 0.077847 0.367852 0.063794 0.362203 0.051419 0.392990
0 0.438436 0.077206 0.445694 0.052352 0.433970 0.048928 0.426711 0.073781
0 0.283286 0.925677 0.290140 0.900859 0.277078 0.897252 0.270224 0.922070
0 0.940668 0.031726 0.961189 0.000753 0.944106 0.000000 0.923585 0.020408
0 0.678183 0.027283 0.679992 0.001629 0.657910 0.000072 0.656101 0.025726
0 0.145132 0.555441 0.169004 0.523519 0.155681 0.513556 0.131809 0.545478
0 0.175405 0.218417 0.215956 0.182720 0.202021 0.166890 0.161470 0.202587
0 0.475029 0.352272 0.521342 0.324540 0.509007 0.303940 0.462694 0.331673
0 0.181656 0.880485 0.227109 0.845763 0.213268 0.827645 0.167815 0.862367
0 0.404393 0.735960 0.412660 0.695148 0.395003 0.691572 0.386736 0.732384
0 0.302310 0.129519 0.319645 0.113441 0.311519 0.104679 0.294184 0.120757
0 0.374525 0.911375 0.385308 0.867960 0.367175 0.863457 0.356392 0.906871
0 0.783070 0.995118 0.783555 0.981707 0.775943 0.981431 0.775457 0.994843
0 0.455060 0.265444 0.485927 0.243629 0.475924 0.229477 0.445058 0.251292
0 0.140342 0.012080 0.149966 0.000506 0.143606 0.000000 0.133982 0.006792
0 0.136207 0.041782 0.144231 0.032227 0.121808 0.013395 0.113783 0.022950
0 0.533072 0.221544 0.572008 0.195244 0.560882 0.178773 0.521947 0.205073
0 0.493663 0.558762 0.525008 0.510458 0.504133 0.496912 0.472788 0.545216
0 0.797118 0.995580 0.797431 0.982049 0.789832 0.981873 0.789519 0.995404
0 0.773705 0.995086 0.774103 0.982261 0.766340 0.982020 0.765942 0.994845
