0 0.725065 0.665924 0.785460 0.656752 0.780693 0.625361 0.720298 0.634533
0 0.474856 0.268433 0.517140 0.233593 0.501039 0.214052 0.458756 0.248892
0 0.313638 1.000000 0.399616 0.999640 0.391172 0.940351 0.305193 0.952596
0 0.031706 0.267098 0.071489 0.238789 0.042937 0.198664 0.003155 0.226972
0 0.351586 0.155750 0.421024 0.122472 0.409731 0.098908 0.340293 0.132185
0 0.121757 0.754028 0.297204 0.726903 0.276370 0.592142 0.100922 0.619267
0 0.683999 0.439736 0.736070 0.417810 0.730015 0.403431 0.677944 0.425357
0 0.783238 0.995040 0.783662 0.981609 0.775863 0.981363 0.775438 0.994793
0 0.174504 0.282053 0.205673 0.272825 0.201499 0.258727 0.170330 0.267956
0 0.110646 0.400368 0.137459 0.374900 0.102179 0.337757 0.075366 0.363225
0 0.715520 0.995740 0.716029 0.985076 0.707338 0.984661 0.706828 0.995325
0 0.797273 0.995320 0.797475 0.981597 0.789707 0.981483 0.789505 0.995206
0 0.019875 0.007410 0.019823 0.000000 0.005263 0.000000 0.005315 0.007511
