0 0.417098 1.000000 0.509308 0.935065 0.482143 0.904068 0.389933 0.984877
0 0.783103 0.995063 0.783607 0.981793 0.775945 0.981502 0.775440 0.994772
0 0.773753 0.995023 0.774122 0.982304 0.766242 0.982075 0.765873 0.994795
0 0.764389 0.994955 0.764909 0.982186 0.757312 0.981877 0.756792 0.994646
0 0.835341 0.995211 0.835454 0.985338 0.829255 0.985267 0.829141 0.995140
0 0.797117 0.995347 0.797467 0.982026 0.789927 0.981828 0.789577 0.995149
0 0.817995 0.994793 0.818227 0.984576 0.811673 0.984428 0.811441 0.994644
0 0.851198 0.994771 0.851513 0.982429 0.846527 0.982302 0.846211 0.994643
0 0.715742 0.995799 0.716258 0.985183 0.707238 0.984744 0.706722 0.995360
0 0.728197 0.997541 0.728465 0.984708 0.717770 0.984485 0.717502 0.997318
0 0.858475 0.994403 0.859071 0.982993 0.854000 0.982729 0.853405 0.994138
0 0.755732 0.995246 0.756182 0.982195 0.747581 0.981899 0.747131 0.994950
