0 0.001900 0.457181 0.044464 0.441945 0.038101 0.424167 0.000000 0.439404
0 0.399868 0.524417 0.451001 0.519441 0.449182 0.500743 0.398048 0.505719
0 0.119932 0.348085 0.166525 0.345136 0.165367 0.326840 0.118774 0.329790
0 0.384791 0.440482 0.430389 0.437287 0.429152 0.419633 0.383554 0.422829
0 0.716285 0.154914 0.724781 0.056934 0.700003 0.054786 0.691508 0.152766
0 0.807813 0.165935 0.835603 0.165049 0.831798 0.045746 0.804009 0.046632
0 0.172205 0.705428 0.187578 0.637851 0.170475 0.633960 0.155102 0.701537
0 0.032325 0.272064 0.054981 0.270948 0.052701 0.224672 0.030045 0.225788
0 0.926838 0.259409 0.931233 0.246650 0.898700 0.235442 0.894304 0.248200
0 0.524441 0.318721 0.564782 0.308978 0.561380 0.294893 0.521039 0.304637
0 0.719461 0.541363 0.725799 0.531825 0.668106 0.493486 0.661768 0.503024
0 0.048931 0.420846 0.078796 0.413421 0.075744 0.401142 0.045878 0.408567
0 0.483143 0.607498 0.505952 0.595826 0.500863 0.585882 0.478054 0.597554
0 0.098748 0.633960 0.100040 0.620223 0.064237 0.616856 0.062945 0.630593
0 0.095361 0.687291 0.096746 0.632392 0.059716 0.631458 0.058331 0.686356
0 0.654054 0.176963 0.656313 0.167319 0.602270 0.154661 0.600011 0.164305
0 0.280141 0.288921 0.280231 0.280449 0.261952 0.280255 0.261862 0.288727
0 0.647626 0.172862 0.666823 0.054910 0.624457 0.048014 0.605259 0.165967
0 0.169709 0.258806 0.186996 0.252855 0.184044 0.244281 0.166758 0.250232
