0 0.134548 0.638127 0.153715 0.600772 0.137519 0.592462 0.118353 0.629817
0 0.123998 0.726021 0.159115 0.688253 0.142002 0.672342 0.106886 0.710110
0 0.193566 0.798121 0.226255 0.771540 0.214754 0.757397 0.182065 0.783978
0 0.230443 0.935127 0.265416 0.915984 0.257131 0.900847 0.222158 0.919991
0 0.447774 0.289321 0.489192 0.265478 0.478657 0.247178 0.437239 0.271022
0 0.562233 1.000000 0.577616 0.960798 0.533058 0.947647 0.517675 0.999765
0 0.098278 0.407997 0.108305 0.391403 0.004223 0.328512 0.000000 0.345106
0 0.167146 0.317024 0.182950 0.289944 0.081216 0.230574 0.065412 0.257654
0 0.286678 0.770960 0.323772 0.734590 0.309839 0.720380 0.272745 0.756751
0 0.089318 0.891935 0.108648 0.872282 0.098033 0.861841 0.078702 0.881494
0 0.209996 0.718614 0.217119 0.696165 0.206451 0.692780 0.199328 0.715229
0 0.139150 0.536695 0.172533 0.507511 0.160114 0.493305 0.126731 0.522489
0 0.345902 0.862182 0.354844 0.831363 0.341352 0.827449 0.332411 0.858268
0 0.650068 0.422049 0.689404 0.385405 0.671958 0.366678 0.632622 0.403322
0 0.021165 0.630413 0.021843 0.555450 0.000391 0.555255 0.000000 0.630219
0 0.625737 0.196259 0.633817 0.156912 0.617501 0.153561 0.609421 0.192908
0 0.496925 0.401778 0.533702 0.368007 0.519317 0.352341 0.482539 0.386112
0 0.783090 0.995087 0.783596 0.981775 0.775956 0.981485 0.775450 0.994797
0 0.797034 0.995430 0.797415 0.982205 0.789889 0.981988 0.789508 0.995213
0 0.835363 0.995280 0.835535 0.985416 0.829191 0.985306 0.829019 0.995170
0 0.011032 0.694654 0.011204 0.661040 0.000000 0.660980 0.000000 0.694594
0 0.818025 0.994841 0.818277 0.984540 0.811625 0.984378 0.811374 0.994679
0 0.886567 0.995279 0.886664 0.985014 0.878946 0.984942 0.878850 0.995207
