0 0.712443 0.080594 0.719847 0.063057 0.668119 0.041216 0.660714 0.058753
0 0.978520 0.390139 1.000000 0.383524 0.999393 0.368701 0.974570 0.375316
0 0.353644 0.913426 0.364437 0.903337 0.339450 0.876608 0.328658 0.886698
0 0.553901 0.231326 0.607151 0.224337 0.604730 0.205892 0.551480 0.212881
0 0.999175 0.856832 1.000000 0.845246 0.975973 0.836682 0.972283 0.848267
0 0.232170 0.462294 0.266918 0.452499 0.262759 0.437743 0.228010 0.447538
0 0.627855 0.331091 0.628901 0.312544 0.575027 0.309507 0.573981 0.328054
0 0.005961 0.559005 0.037120 0.549325 0.033560 0.537867 0.002401 0.547547
0 0.276907 0.822012 0.283954 0.808888 0.251855 0.791651 0.244808 0.804775
0 0.598028 0.443245 0.649117 0.437108 0.647197 0.421127 0.596108 0.427265
0 0.777409 0.516243 0.786873 0.500043 0.743455 0.474676 0.733990 0.490876
0 0.439934 1.000000 0.444895 0.993074 0.422032 0.983267 0.417070 0.994834
0 0.410593 0.832043 0.419221 0.816777 0.371018 0.789535 0.362390 0.804801
0 0.599641 0.842951 0.607017 0.830128 0.575553 0.812028 0.568177 0.824850
0 0.291175 0.439975 0.322118 0.428910 0.317251 0.415298 0.286307 0.426364
0 0.955321 0.523819 0.955593 0.505829 0.908770 0.505121 0.908498 0.523111
0 0.742270 0.727753 0.742642 0.714829 0.712712 0.713967 0.712340 0.726892
0 0.886811 0.115364 0.888788 0.099330 0.846059 0.094064 0.844082 0.110097
0 0.171030 0.389394 0.202442 0.382936 0.199823 0.370197 0.168411 0.376655
0 0.843112 0.180537 0.876767 0.165109 0.870675 0.151821 0.837021 0.167249
0 0.251052 0.993837 0.254997 0.979139 0.218719 0.969403 0.214774 0.984101
0 0.831374 0.249509 0.831027 0.233263 0.788385 0.234173 0.788732 0.250419
0 0.862063 0.945682 0.865243 0.932459 0.827539 0.923392 0.824359 0.936615
0 0.927793 0.222703 0.930153 0.206231 0.880488 0.199115 0.878128 0.215586
0 0.961263 0.945272 0.962162 0.932361 0.932745 0.930313 0.931846 0.943224
0 0.825188 0.038921 0.829308 0.024501 0.787764 0.012630 0.783643 0.027050
0 0.783525 0.995624 0.784066 0.981365 0.775885 0.981055 0.775344 0.995314
0 0.405731 0.405278 0.405502 0.391918 0.373606 0.392465 0.373835 0.405825
0 0.483753 0.267334 0.488611 0.253192 0.452392 0.240749 0.447533 0.254891
0 0.255408 0.898402 0.255385 0.883010 0.215990 0.883068 0.216012 0.898460
0 0.104568 0.511427 0.148185 0.507386 0.146595 0.490232 0.102979 0.494274
0 0.746563 0.948156 0.751919 0.935347 0.722834 0.923187 0.717479 0.935995
0 0.535491 0.567016 0.563359 0.563658 0.561796 0.550684 0.533927 0.554042
0 0.561777 0.931213 0.568755 0.917461 0.533519 0.899582 0.526541 0.913334
0 0.754893 0.392977 0.756985 0.377392 0.718394 0.372213 0.716303 0.387798
0 0.779356 0.595470 0.786351 0.584304 0.756684 0.565719 0.749689 0.576885
0 0.494723 0.166145 0.524906 0.157427 0.521294 0.144921 0.491110 0.153639
0 0.726989 0.614083 0.728076 0.601649 0.692123 0.598504 0.691035 0.610939
0 0.934936 0.304195 0.974876 0.299079 0.972917 0.283787 0.932977 0.288903
0 0.551270 0.032929 0.555785 0.018287 0.521498 0.007715 0.516984 0.022357
0 0.772081 0.163900 0.776773 0.149648 0.739402 0.137345 0.734710 0.151596
0 0.774233 0.995689 0.774588 0.981799 0.766039 0.981580 0.765684 0.995471
0 0.691048 0.843874 0.698349 0.833296 0.669773 0.813572 0.662472 0.824150
0 0.113083 0.432699 0.113054 0.417000 0.075485 0.417068 0.075514 0.432768
0 0.345464 0.306060 0.374801 0.290625 0.368275 0.278220 0.338937 0.293655
0 0.131633 0.621532 0.177467 0.615319 0.175195 0.598560 0.129361 0.604772
0 0.183424 0.815347 0.183485 0.800876 0.143818 0.800709 0.143757 0.815180
0 0.764505 0.995509 0.765117 0.981780 0.757043 0.981420 0.756430 0.995149
0 0.055106 0.816507 0.063474 0.802957 0.028054 0.781084 0.019686 0.794634
0 0.442397 0.843737 0.453660 0.840702 0.447273 0.817002 0.436010 0.820037
0 0.705348 0.998155 0.705492 0.984299 0.696809 0.984209 0.696665 0.998065
0 0.974339 0.997858 0.975539 0.985152 0.966921 0.984338 0.965722 0.997045
0 0.797114 0.995682 0.797476 0.981870 0.789554 0.981662 0.789192 0.995475
0 0.972741 0.635780 0.981605 0.622334 0.947691 0.599975 0.938827 0.613421
0 0.886668 0.995667 0.886693 0.984707 0.878855 0.984689 0.878830 0.995649
0 0.755822 0.995915 0.756293 0.981933 0.747343 0.981631 0.746871 0.995613
0 0.835573 0.995362 0.835719 0.985074 0.829080 0.984979 0.828934 0.995267
0 0.679428 0.927119 0.683144 0.910812 0.632810 0.899340 0.629094 0.915648
0 0.817996 0.995211 0.818208 0.984302 0.811744 0.984177 0.811532 0.995085
0 0.858792 0.994912 0.859495 0.982546 0.854024 0.982235 0.853321 0.994601
0 0.869354 0.995481 0.869817 0.985045 0.862590 0.984724 0.862127 0.995161
0 0.715952 0.995932 0.716313 0.984728 0.706654 0.984417 0.706293 0.995621
0 0.851402 0.994994 0.851667 0.982107 0.846324 0.981997 0.846059 0.994884
0 0.074886 0.996488 0.076953 0.974286 0.062129 0.972907 0.060063 0.995109
0 0.695137 0.996055 0.695411 0.984476 0.688469 0.984312 0.688196 0.995891
0 0.986875 0.996380 0.987934 0.984492 0.979406 0.983732 0.978346 0.995620
0 0.914471 0.995567 0.914889 0.984219 0.906983 0.983928 0.906565 0.995276
0 0.857051 0.680575 0.865417 0.667060 0.830008 0.645140 0.821642 0.658655
0 0.827033 0.995275 0.827145 0.984916 0.821239 0.984852 0.821126 0.995211
0 0.808165 0.995581 0.808359 0.983133 0.802583 0.983042 0.802388 0.995491
0 0.727719 0.997724 0.728037 0.984231 0.717811 0.983989 0.717492 0.997483
0 0.746022 0.996156 0.747532 0.982839 0.735163 0.981437 0.733653 0.994753
0 0.976141 0.091162 0.980128 0.076096 0.940706 0.065665 0.936720 0.080730
0 0.419060 0.625780 0.444651 0.624451 0.444036 0.612610 0.418445 0.613939
0 0.964666 0.996321 0.965780 0.985326 0.956462 0.984382 0.955348 0.995377
0 0.924080 0.995735 0.924360 0.984291 0.916258 0.984094 0.915979 0.995538
