0 0.767916 0.436697 0.769535 0.421594 0.725647 0.416889 0.724028 0.431992
0 0.469738 0.779801 0.517484 0.777573 0.516637 0.759423 0.468891 0.761651
0 0.353589 0.211958 0.364342 0.201912 0.339010 0.174795 0.328256 0.184841
0 0.505946 0.880853 0.545008 0.856060 0.535485 0.841058 0.496423 0.865851
0 0.373184 0.776789 0.419299 0.769070 0.416624 0.753084 0.370508 0.760803
0 0.919509 0.518980 0.954860 0.505958 0.950161 0.493201 0.914810 0.506224
0 0.359983 0.696099 0.409392 0.686686 0.406410 0.671032 0.357001 0.680445
0 0.277218 0.120482 0.284061 0.107665 0.251738 0.090410 0.244896 0.103227
0 0.045657 0.601198 0.050793 0.587687 0.013673 0.573578 0.008537 0.587090
0 0.240367 0.689101 0.286143 0.680274 0.283376 0.665928 0.237601 0.674754
0 0.815806 0.511941 0.856761 0.503681 0.853616 0.488090 0.812661 0.496350
0 0.615771 0.682050 0.645532 0.680903 0.645043 0.668210 0.615282 0.669357
0 0.614429 0.509711 0.657282 0.506925 0.656253 0.491087 0.613400 0.493873
0 0.608233 0.781298 0.609674 0.768115 0.579889 0.764857 0.578447 0.778040
0 0.735540 0.508747 0.737830 0.496307 0.701038 0.489533 0.698748 0.501974
0 0.970774 0.418460 0.973066 0.404041 0.927074 0.396730 0.924782 0.411148
0 0.545995 0.668051 0.577639 0.657815 0.573587 0.645291 0.541943 0.655527
0 0.156915 0.785491 0.193620 0.768167 0.187193 0.754550 0.150488 0.771874
0 0.719918 0.594746 0.755411 0.591569 0.754258 0.578677 0.718764 0.581854
0 0.818247 0.596637 0.849705 0.594355 0.848831 0.582311 0.817373 0.584593
0 0.421731 0.985424 0.473179 0.969290 0.467378 0.950790 0.415930 0.966924
0 0.724194 0.788183 0.724641 0.771263 0.679081 0.770059 0.678634 0.786980
0 0.173489 0.692123 0.176557 0.676299 0.135279 0.668296 0.132211 0.684120
0 0.876368 0.892182 0.934369 0.880022 0.930266 0.860449 0.872265 0.872610
0 0.251262 0.293065 0.255539 0.278197 0.219017 0.267690 0.214739 0.282558
0 0.650938 0.413608 0.652035 0.399609 0.615220 0.396722 0.614123 0.410721
0 0.665940 0.324655 0.669951 0.311883 0.639276 0.302250 0.635265 0.315022
0 0.960631 0.704438 0.961194 0.690211 0.920542 0.688603 0.919979 0.702830
0 0.157443 0.595382 0.162331 0.580277 0.113810 0.564578 0.108923 0.579684
0 0.440154 0.303597 0.444926 0.292176 0.421276 0.282294 0.416504 0.293715
0 0.255834 0.196883 0.255794 0.181836 0.214990 0.181944 0.215030 0.196991
0 0.960795 0.243543 0.961589 0.230594 0.932668 0.228821 0.931874 0.241770
0 0.561871 0.230035 0.569241 0.215152 0.532986 0.197199 0.525616 0.212082
0 0.600060 0.141683 0.607533 0.128500 0.575638 0.110422 0.568165 0.123605
0 0.999080 0.155271 1.000000 0.143993 0.975583 0.135063 0.971880 0.146341
0 0.410331 0.130741 0.419094 0.115500 0.372129 0.088497 0.363366 0.103737
0 0.775050 0.327991 0.775010 0.310516 0.732570 0.310614 0.732610 0.328088
0 0.547019 0.597216 0.547621 0.586060 0.517934 0.584458 0.517332 0.595614
0 0.067796 0.284309 0.070602 0.270393 0.032460 0.262702 0.029654 0.276618
0 0.861982 0.244975 0.865480 0.231236 0.827275 0.221509 0.823777 0.235248
0 0.460832 0.699087 0.467109 0.687547 0.442032 0.673907 0.435755 0.685446
0 0.999734 0.805636 1.000000 0.793242 0.985362 0.791817 0.984223 0.804210
0 0.746824 0.246701 0.752242 0.233774 0.723044 0.221538 0.717627 0.234465
0 0.056287 0.691473 0.062338 0.679602 0.029333 0.662779 0.023282 0.674650
0 0.584868 0.873306 0.638818 0.865861 0.636629 0.849998 0.582679 0.857444
0 0.800313 0.785671 0.844008 0.773795 0.840023 0.759133 0.796328 0.771009
0 0.182437 0.114228 0.182524 0.099371 0.144108 0.099146 0.144021 0.114003
0 0.449139 0.407829 0.449453 0.389106 0.402267 0.388314 0.401953 0.407037
0 0.646471 0.585476 0.648875 0.571868 0.617330 0.566294 0.614926 0.579903
0 0.054560 0.114862 0.062919 0.101413 0.028248 0.079863 0.019889 0.093312
0 0.741454 0.026401 0.742461 0.014339 0.713922 0.011955 0.712914 0.024018
0 0.033662 0.499130 0.037747 0.483517 0.000340 0.473729 0.000000 0.489343
0 0.678901 0.225373 0.682678 0.208503 0.634276 0.197666 0.630499 0.214536
0 0.442492 0.141986 0.453774 0.138926 0.447365 0.115301 0.436083 0.118361
0 0.126067 0.210514 0.137401 0.202437 0.117626 0.174689 0.106292 0.182766
0 0.783628 0.995596 0.784581 0.981108 0.776167 0.980555 0.775214 0.995042
0 0.690931 0.142415 0.698271 0.131928 0.670100 0.112210 0.662759 0.122697
0 0.704904 0.997796 0.705034 0.984743 0.697180 0.984665 0.697050 0.997718
0 0.797230 0.995929 0.797676 0.981907 0.789719 0.981654 0.789273 0.995676
0 0.773852 0.995360 0.774351 0.982215 0.766076 0.981901 0.765577 0.995046
0 0.421370 0.520714 0.431643 0.510917 0.405975 0.484006 0.395703 0.493804
0 0.764180 0.995253 0.764845 0.981952 0.757228 0.981571 0.756564 0.994872
0 0.715497 0.995573 0.715896 0.985036 0.707155 0.984704 0.706755 0.995242
0 0.007615 0.372855 0.008383 0.360690 0.000000 0.360133 0.000000 0.372298
0 0.835430 0.995257 0.835538 0.985180 0.829189 0.985112 0.829082 0.995189
0 0.279799 0.972622 0.322294 0.951574 0.314843 0.936531 0.272348 0.957579
0 0.886592 0.995390 0.886638 0.984702 0.879282 0.984671 0.879237 0.995359
0 0.228681 0.391645 0.234489 0.376841 0.196327 0.361867 0.190518 0.376670
0 0.858693 0.994668 0.859335 0.982677 0.853986 0.982391 0.853344 0.994382
0 0.867581 0.995503 0.868073 0.984638 0.861127 0.984323 0.860635 0.995188
0 0.694737 0.995789 0.694970 0.984864 0.688759 0.984732 0.688527 0.995657
0 0.727621 0.997483 0.727885 0.984639 0.718042 0.984437 0.717778 0.997281
0 0.011194 0.936289 0.010725 0.915246 0.000000 0.915526 0.000000 0.936569
0 0.817918 0.994967 0.818100 0.984465 0.811837 0.984356 0.811654 0.994858
0 1.000000 0.928960 1.000000 0.913507 0.990253 0.913411 0.990112 0.928864
0 0.746375 0.995928 0.747612 0.982886 0.735087 0.981699 0.733850 0.994741
0 0.851424 0.995010 0.851687 0.982147 0.846364 0.982038 0.846100 0.994902
0 0.974382 0.997674 0.975453 0.985259 0.966849 0.984516 0.965778 0.996931
0 0.755634 0.994801 0.756086 0.981786 0.747649 0.981493 0.747196 0.994508
0 0.006063 0.764647 0.008015 0.755098 0.000000 0.753455 0.000000 0.763004
0 0.914278 0.995401 0.914671 0.984351 0.907025 0.984080 0.906633 0.995130
0 0.826926 0.995011 0.827026 0.985052 0.821435 0.984996 0.821336 0.994955
0 0.808112 0.995299 0.808212 0.983181 0.802786 0.983136 0.802686 0.995255
0 0.924020 0.995567 0.924289 0.984440 0.916328 0.984247 0.916058 0.995374
0 0.987025 0.996368 0.988074 0.984450 0.979396 0.983686 0.978348 0.995604
0 0.061364 0.934593 0.107122 0.918391 0.101477 0.902448 0.055719 0.918650
0 0.805188 0.995161 0.805167 0.982738 0.799543 0.982747 0.799563 0.995170
