0 0.666169 0.567602 0.681205 0.553822 0.612726 0.479104 0.597690 0.492884
0 0.783257 0.910977 0.804049 0.869593 0.786257 0.860653 0.765464 0.902038
0 0.868258 0.619375 0.893345 0.576213 0.873854 0.564884 0.848767 0.608046
0 0.869182 0.452926 0.904377 0.410705 0.833512 0.351631 0.798317 0.393852
0 0.783193 0.995235 0.783741 0.981638 0.776069 0.981329 0.775521 0.994925
0 0.883128 0.738775 0.900096 0.698868 0.881704 0.691048 0.864736 0.730955
0 0.773818 0.995222 0.774211 0.982248 0.766319 0.982008 0.765925 0.994983
0 0.797171 0.995796 0.797502 0.982011 0.789837 0.981827 0.789506 0.995612
0 0.764314 0.995124 0.764929 0.982197 0.757333 0.981836 0.756718 0.994762
0 0.835347 0.995279 0.835500 0.985331 0.829282 0.985235 0.829129 0.995183
0 0.886449 0.995392 0.886475 0.984636 0.879419 0.984618 0.879393 0.995374
0 0.867495 0.995408 0.868005 0.984719 0.861184 0.984394 0.860674 0.995083
0 0.817856 0.994868 0.818073 0.984618 0.811929 0.984488 0.811713 0.994738
0 0.858599 0.994698 0.859273 0.982721 0.854077 0.982429 0.853403 0.994406
0 0.715385 0.995673 0.715808 0.985068 0.707230 0.984726 0.706807 0.995331
0 0.851308 0.994967 0.851579 0.982207 0.846401 0.982097 0.846130 0.994857
0 0.704885 0.997794 0.704998 0.984741 0.697103 0.984673 0.696989 0.997725
0 0.869300 0.995107 0.869682 0.984813 0.863001 0.984565 0.862618 0.994859
0 0.745901 0.995762 0.747257 0.982982 0.735342 0.981717 0.733985 0.994498
0 0.755571 0.995387 0.756064 0.982221 0.747436 0.981898 0.746944 0.995065
0 0.974412 0.997658 0.975452 0.985253 0.966846 0.984531 0.965805 0.996936
0 0.826839 0.994971 0.826977 0.985172 0.821502 0.985095 0.821363 0.994894
0 0.727764 0.997548 0.728015 0.984601 0.718056 0.984408 0.717805 0.997355
0 0.914270 0.995384 0.914626 0.984325 0.907036 0.984081 0.906680 0.995140
