0 0.584278 0.991482 0.587655 0.944885 0.569392 0.943561 0.566015 0.990158
0 0.376582 0.975375 0.394186 0.967560 0.376516 0.927761 0.358912 0.935577
0 0.704894 0.997864 0.705144 0.984774 0.697241 0.984623 0.696991 0.997713
0 0.715392 0.995428 0.715689 0.985015 0.707027 0.984768 0.706729 0.995181
0 0.783088 0.995112 0.783730 0.981147 0.776068 0.980795 0.775426 0.994759
0 0.331172 0.773023 0.351968 0.759960 0.323427 0.714521 0.302631 0.727583
0 0.627907 1.000000 0.627881 0.993693 0.611023 0.993759 0.611049 1.000000
0 0.796726 0.995479 0.797274 0.982165 0.789933 0.981863 0.789385 0.995177
0 0.694885 0.995612 0.695197 0.984753 0.688769 0.984569 0.688457 0.995428
0 0.190441 0.979037 0.207457 0.974642 0.197451 0.935902 0.180435 0.940297
0 0.096630 0.422719 0.090272 0.411676 0.067749 0.424644 0.074107 0.435687
0 0.764220 0.995175 0.764908 0.981874 0.757430 0.981486 0.756741 0.994788
0 0.773700 0.995382 0.774213 0.982053 0.766343 0.981750 0.765829 0.995079
0 0.095997 0.934270 0.134214 0.911893 0.125195 0.896490 0.086979 0.918867
0 0.727433 0.997384 0.727610 0.984589 0.717996 0.984455 0.717819 0.997250
0 0.746029 0.995832 0.747407 0.982987 0.735319 0.981690 0.733941 0.994535
0 0.755570 0.995560 0.756072 0.982051 0.747490 0.981732 0.746988 0.995241
0 0.817956 0.994840 0.818215 0.984503 0.811807 0.984343 0.811548 0.994679
