0 0.072096 0.090950 0.074037 0.075052 0.032317 0.069960 0.030377 0.085858
0 0.117635 0.170774 0.171499 0.162549 0.168727 0.144393 0.114862 0.152618
0 0.175584 0.108035 0.176943 0.086593 0.105960 0.082092 0.104601 0.103534
0 0.023611 0.061351 0.036335 0.051234 0.008730 0.016519 0.000000 0.026637
0 0.072293 0.062772 0.083593 0.053075 0.054853 0.019584 0.043553 0.029281
0 0.115212 0.203675 0.149836 0.198836 0.148007 0.185745 0.113383 0.190584
0 0.117233 0.149481 0.198375 0.140633 0.196892 0.127029 0.115750 0.135876
0 0.008483 0.058298 0.013519 0.044279 0.000000 0.038742 0.000000 0.052761
0 0.112550 0.218366 0.196247 0.208383 0.194359 0.192561 0.110663 0.202544
0 0.111031 0.855157 0.122836 0.840134 0.086429 0.811523 0.074623 0.826546
0 0.704985 0.997804 0.705151 0.984663 0.697116 0.984561 0.696949 0.997702
0 0.715725 0.995519 0.716128 0.984955 0.707003 0.984607 0.706600 0.995171
