0 0.776189 0.951834 0.780314 0.932628 0.732718 0.922407 0.728593 0.941613
0 0.327288 0.369708 0.378300 0.332778 0.363454 0.312272 0.312443 0.349202
0 0.783282 0.995419 0.783799 0.981445 0.775947 0.981154 0.775430 0.995128
0 0.374150 0.897262 0.376797 0.872908 0.323641 0.867132 0.320995 0.891487
0 0.644066 0.850763 0.688494 0.824903 0.677599 0.806185 0.633170 0.832045
0 0.774080 0.995588 0.774476 0.981798 0.766276 0.981562 0.765880 0.995352
0 0.797030 0.995449 0.797429 0.981830 0.789796 0.981607 0.789398 0.995225
0 0.858726 0.994897 0.859487 0.982387 0.853968 0.982051 0.853207 0.994562
0 0.851433 0.995014 0.851716 0.981922 0.846255 0.981804 0.845973 0.994896
0 0.817923 0.995118 0.818172 0.984515 0.811764 0.984364 0.811515 0.994968
0 0.835711 0.995489 0.835910 0.985118 0.829123 0.984988 0.828924 0.995358
0 0.705125 0.998069 0.705310 0.984638 0.697008 0.984524 0.696823 0.997955
0 0.867778 0.995768 0.868345 0.984446 0.861093 0.984083 0.860527 0.995405
0 0.764339 0.995355 0.764952 0.981867 0.757228 0.981516 0.756615 0.995004
0 0.047338 0.343055 0.061098 0.327220 0.020282 0.291752 0.006522 0.307587
0 0.826975 0.995256 0.827135 0.985027 0.821162 0.984933 0.821001 0.995162
0 0.715521 0.995800 0.715896 0.985066 0.707015 0.984755 0.706640 0.995490
0 0.789947 0.784297 0.855407 0.749632 0.807130 0.658467 0.741670 0.693133
0 0.335149 0.654875 0.390014 0.623723 0.375576 0.598295 0.320711 0.629448
0 0.808165 0.995369 0.808258 0.983191 0.802568 0.983147 0.802475 0.995325
0 0.755719 0.995529 0.756159 0.981979 0.747471 0.981697 0.747031 0.995247
0 0.745884 0.995814 0.747101 0.983124 0.735251 0.981988 0.734034 0.994677
0 0.903146 0.029062 0.923248 0.000000 0.910366 0.000000 0.890264 0.020156
0 0.727730 0.997535 0.727910 0.984565 0.717897 0.984426 0.717717 0.997397
0 0.813754 0.151460 0.828211 0.104796 0.808600 0.098720 0.794143 0.145384
0 0.695127 0.995759 0.695359 0.984724 0.688578 0.984581 0.688345 0.995616
