0 0.641666 0.768107 0.669328 0.717372 0.650116 0.706898 0.622454 0.757633
0 0.648517 0.068777 0.682521 0.030769 0.667916 0.017703 0.633912 0.055711
0 0.590618 0.182348 0.622775 0.142058 0.607483 0.129853 0.575327 0.170143
0 0.243897 0.514755 0.263080 0.508038 0.247490 0.463513 0.228307 0.470229
0 0.411793 0.520719 0.431072 0.519069 0.426689 0.467845 0.407410 0.469495
0 0.646270 0.303870 0.665564 0.261310 0.648910 0.253760 0.629616 0.296320
0 0.808258 0.089917 0.823041 0.047310 0.805897 0.041362 0.791114 0.083969
0 0.018128 0.418017 0.036978 0.411083 0.018319 0.360356 0.000000 0.367290
0 0.494059 0.016581 0.496881 0.000000 0.475381 0.000000 0.472559 0.013210
0 0.406494 0.267863 0.434227 0.224567 0.417367 0.213767 0.389634 0.257063
0 0.799780 0.596915 0.811661 0.552789 0.794204 0.548089 0.782323 0.592214
0 0.214284 0.383857 0.233092 0.379696 0.223635 0.336951 0.204827 0.341112
0 1.000000 0.252770 1.000000 0.231600 0.989682 0.231283 0.989135 0.252453
0 0.748920 0.182215 0.776268 0.140361 0.758270 0.128601 0.730921 0.170454
0 0.444789 0.167330 0.469829 0.124966 0.453418 0.115266 0.428378 0.157630
0 0.065427 0.105931 0.078189 0.062633 0.059977 0.057265 0.047215 0.100563
0 0.244751 0.237327 0.259628 0.196164 0.242017 0.189800 0.227141 0.230963
0 0.722055 0.491848 0.732088 0.451422 0.715797 0.447379 0.705764 0.487805
