0 0.403490 0.314114 0.457394 0.289791 0.450303 0.274074 0.396398 0.298397
0 0.532465 0.372599 0.568664 0.335685 0.556192 0.323455 0.519993 0.360370
0 0.660498 0.978399 0.663418 0.963332 0.622682 0.955437 0.619762 0.970504
0 0.414629 0.414439 0.454136 0.407812 0.451732 0.393485 0.412225 0.400112
0 0.289385 0.356161 0.345416 0.334803 0.338312 0.316167 0.282281 0.337525
0 0.976875 0.821944 0.983836 0.808782 0.951794 0.791835 0.944833 0.804998
0 0.180071 0.398345 0.254168 0.390977 0.252165 0.370835 0.178068 0.378204
0 0.546141 0.966892 0.547722 0.951394 0.504661 0.947000 0.503080 0.962498
0 0.767604 0.980155 0.768384 0.968828 0.730342 0.966207 0.729562 0.977534
0 0.677853 0.904767 0.684687 0.894813 0.664400 0.880883 0.657565 0.890837
0 0.881656 0.815373 0.881823 0.801220 0.844720 0.800782 0.844553 0.814934
0 0.783381 0.995437 0.783970 0.981227 0.776065 0.980900 0.775476 0.995110
0 0.955734 0.898730 0.955736 0.883438 0.914206 0.883434 0.914204 0.898726
0 0.324497 0.052749 0.388047 0.016741 0.372557 0.000000 0.309007 0.025412
0 0.534403 0.504938 0.566201 0.489702 0.560261 0.477307 0.528464 0.492543
0 0.572245 0.138006 0.617260 0.105266 0.606273 0.090159 0.561258 0.122899
0 0.211783 0.150951 0.275492 0.130185 0.268261 0.108002 0.204553 0.128768
0 0.773888 0.995586 0.774359 0.981767 0.766162 0.981488 0.765692 0.995307
0 0.705227 0.998073 0.705317 0.984510 0.697054 0.984455 0.696964 0.998018
0 0.704643 0.559276 0.737725 0.549275 0.734227 0.537706 0.701146 0.547708
0 0.764266 0.995680 0.764935 0.981996 0.757146 0.981615 0.756477 0.995299
0 0.755358 0.816380 0.763651 0.802560 0.728352 0.781377 0.720059 0.795197
0 0.835553 0.995343 0.835664 0.985100 0.829136 0.985030 0.829025 0.995272
0 0.680539 0.219038 0.712251 0.207158 0.707512 0.194508 0.675800 0.206388
0 0.478064 0.290922 0.503583 0.281854 0.499840 0.271320 0.474320 0.280389
0 0.932784 0.462428 0.967721 0.452325 0.963364 0.437259 0.928427 0.447363
0 0.665866 0.460914 0.692767 0.451136 0.688452 0.439265 0.661551 0.449043
0 0.805847 0.511498 0.848566 0.507471 0.846933 0.490151 0.804214 0.494178
0 0.364173 0.198845 0.404957 0.172855 0.395478 0.157980 0.354694 0.183970
0 0.582588 0.307112 0.596038 0.305430 0.591864 0.272070 0.578415 0.273752
0 0.797188 0.995556 0.797452 0.981437 0.789690 0.981292 0.789427 0.995411
0 0.715675 0.995758 0.715922 0.984954 0.707185 0.984755 0.706939 0.995559
0 0.232105 0.254369 0.257451 0.235162 0.249611 0.224816 0.224265 0.244024
0 0.867707 0.995708 0.868256 0.984474 0.861069 0.984123 0.860520 0.995356
0 0.858737 0.994788 0.859439 0.982612 0.854009 0.982300 0.853308 0.994476
0 0.851389 0.994940 0.851694 0.982287 0.846331 0.982158 0.846025 0.994810
0 0.364920 0.927676 0.366562 0.908095 0.305069 0.902941 0.303427 0.922522
0 0.886731 0.995514 0.886767 0.984547 0.878956 0.984521 0.878920 0.995489
0 0.974325 0.997810 0.975479 0.985109 0.966875 0.984327 0.965721 0.997028
0 0.817973 0.995058 0.818104 0.984333 0.811820 0.984256 0.811689 0.994981
0 0.825994 0.911336 0.837118 0.903150 0.816820 0.875568 0.805696 0.883755
0 0.485275 0.181314 0.519600 0.140038 0.505933 0.128673 0.471609 0.169948
0 0.512501 0.867972 0.511385 0.850887 0.470929 0.853529 0.472044 0.870614
0 0.666352 0.801542 0.665993 0.783964 0.615785 0.784989 0.616144 0.802568
0 0.353843 0.775444 0.414569 0.759767 0.409772 0.741185 0.349045 0.756862
0 0.831264 0.622028 0.877328 0.615222 0.874884 0.598681 0.828820 0.605487
0 0.661174 0.109743 0.691401 0.098237 0.686476 0.085297 0.656248 0.096803
0 0.871444 0.389548 0.903047 0.383073 0.900441 0.370355 0.868838 0.376830
0 0.826983 0.995159 0.827084 0.984976 0.821220 0.984917 0.821119 0.995100
0 0.077824 0.491613 0.077545 0.480248 0.054623 0.480812 0.054903 0.492177
0 0.695013 0.995903 0.695265 0.984642 0.688570 0.984492 0.688318 0.995753
0 0.812307 0.433147 0.812315 0.417090 0.774221 0.417071 0.774213 0.433129
0 0.755351 0.996185 0.755966 0.982405 0.746713 0.981992 0.746098 0.995773
0 0.131595 0.287529 0.181795 0.280907 0.179518 0.263643 0.129318 0.270265
0 0.619277 0.348960 0.648539 0.327620 0.640440 0.316515 0.611178 0.337855
0 0.727889 0.998293 0.728522 0.983340 0.720444 0.982998 0.719812 0.997952
0 0.436479 0.542211 0.454563 0.516178 0.443271 0.508334 0.425187 0.534366
0 0.808133 0.995410 0.808261 0.983099 0.802755 0.983041 0.802626 0.995353
0 0.746947 0.996092 0.748281 0.983759 0.735038 0.982327 0.733705 0.994660
0 0.987066 0.996381 0.988121 0.984365 0.979370 0.983596 0.978315 0.995612
0 0.013593 0.145927 0.013718 0.115255 0.000663 0.115202 0.000539 0.145874
0 0.964573 0.996225 0.965582 0.984836 0.956512 0.984033 0.955503 0.995422
0 0.914290 0.995556 0.914783 0.983871 0.907168 0.983550 0.906675 0.995235
0 0.973857 0.181269 1.000000 0.163084 0.998779 0.146299 0.964858 0.164485
0 0.824988 0.995064 0.825023 0.984567 0.818920 0.984546 0.818884 0.995043
0 1.000000 0.436581 1.000000 0.422817 0.987515 0.422549 0.987250 0.436313
0 0.924933 0.995547 0.925171 0.983867 0.916106 0.983683 0.915868 0.995362
0 0.805387 0.995227 0.805271 0.982599 0.799520 0.982652 0.799636 0.995280
0 0.852866 0.995070 0.853044 0.983177 0.847952 0.983101 0.847774 0.994993
