0 0.000885 0.281043 0.041498 0.264126 0.034387 0.247053 0.000000 0.263970
0 0.043283 0.265769 0.064933 0.252923 0.058299 0.241742 0.036649 0.254587
0 0.020907 0.910325 0.047373 0.869330 0.029960 0.858089 0.003494 0.899083
0 0.079716 0.818127 0.094199 0.773374 0.076946 0.767790 0.062462 0.812543
0 0.679609 0.953092 0.707212 0.921997 0.694024 0.910289 0.666421 0.941384
0 0.026211 0.389928 0.055535 0.370410 0.045639 0.355541 0.016314 0.375058
0 0.906387 0.933729 0.944597 0.917619 0.938192 0.902425 0.899981 0.918535
0 0.974627 0.997955 0.975580 0.984979 0.966735 0.984330 0.965782 0.997305
0 0.072461 0.355484 0.074950 0.345167 0.054255 0.340175 0.051766 0.350493
0 0.818807 0.871391 0.859327 0.856377 0.853481 0.840600 0.812961 0.855614
