0 0.860688 0.638020 0.880082 0.600837 0.864164 0.592535 0.844770 0.629718
0 0.671496 0.881118 0.702702 0.810006 0.550084 0.743032 0.518878 0.814144
0 0.957382 0.935188 0.992379 0.915719 0.984030 0.900712 0.949033 0.920180
0 0.920087 0.798019 0.952777 0.771458 0.941417 0.757476 0.908727 0.784038
0 0.851031 0.725460 0.885378 0.688146 0.868114 0.672254 0.833767 0.709568
0 0.613534 0.920166 0.630020 0.890652 0.499442 0.817715 0.482956 0.847230
0 0.824985 0.406836 0.834176 0.391153 0.758103 0.346570 0.748912 0.362254
0 0.706444 0.701949 0.724612 0.656868 0.601661 0.607317 0.583492 0.652398
0 0.894496 0.315430 0.909017 0.289566 0.806088 0.231778 0.791567 0.257642
0 0.974157 0.997914 0.975367 0.985247 0.967014 0.984449 0.965804 0.997117
0 0.886573 0.995470 0.886623 0.984758 0.878942 0.984723 0.878893 0.995434
0 0.866370 0.536718 0.899456 0.506997 0.886842 0.492955 0.853757 0.522677
0 0.914391 0.995550 0.914859 0.984244 0.907101 0.983923 0.906633 0.995229
0 0.936522 0.718612 0.943663 0.696319 0.933281 0.692994 0.926140 0.715286
0 0.986687 0.996342 0.987779 0.984436 0.979487 0.983676 0.978395 0.995582
0 0.964470 0.996230 0.965485 0.985226 0.956586 0.984406 0.955571 0.995410
0 0.923869 0.995722 0.924239 0.984309 0.916478 0.984058 0.916108 0.995471
0 0.815574 0.891608 0.835371 0.872218 0.825181 0.861813 0.805383 0.881203
0 0.867828 0.995469 0.868358 0.984679 0.861107 0.984322 0.860577 0.995113
0 0.951266 0.995771 0.951888 0.984643 0.944072 0.984207 0.943450 0.995335
0 0.996689 0.996104 0.997937 0.986605 0.989528 0.985500 0.988280 0.994999
0 0.836060 0.995357 0.835864 0.984589 0.828679 0.984720 0.828875 0.995488
0 0.851528 0.994817 0.851716 0.982163 0.846299 0.982082 0.846111 0.994737
0 0.858754 0.994804 0.859397 0.982743 0.853891 0.982449 0.853247 0.994510
0 0.720832 0.712969 0.736923 0.663611 0.716952 0.657101 0.700862 0.706458
0 0.932372 0.994978 0.932457 0.984020 0.926476 0.983973 0.926390 0.994932
0 0.827724 0.994855 0.827592 0.983078 0.819870 0.983165 0.820002 0.994941
