0 0.347382 0.342388 0.367131 0.341190 0.364107 0.291307 0.344358 0.292505
0 0.325664 0.987492 0.345910 0.980272 0.327568 0.928835 0.307322 0.936055
0 0.369518 0.424680 0.388801 0.423356 0.385745 0.378865 0.366463 0.380190
0 0.218168 0.371540 0.238556 0.367175 0.226703 0.311811 0.206315 0.316176
0 0.285437 0.486026 0.303785 0.484911 0.300997 0.439040 0.282649 0.440156
0 0.284297 0.584771 0.302794 0.582347 0.296777 0.536425 0.278279 0.538849
0 0.442681 0.418536 0.467529 0.416071 0.461160 0.351864 0.436312 0.354329
0 0.584124 0.263352 0.587682 0.217335 0.569890 0.215959 0.566332 0.261976
0 0.591679 0.412467 0.616145 0.410223 0.610898 0.353033 0.586432 0.355277
0 0.219685 0.658963 0.236918 0.656807 0.231366 0.612412 0.214133 0.614567
0 0.096055 0.206454 0.134282 0.183641 0.124591 0.167402 0.086364 0.190215
0 0.320038 0.813578 0.337379 0.809876 0.328136 0.766573 0.310795 0.770274
0 0.329717 0.044662 0.355275 0.029481 0.328742 0.000000 0.303184 0.000000
0 0.376981 0.247145 0.394017 0.239500 0.376198 0.199789 0.359162 0.207433
0 0.190673 0.251851 0.207786 0.247276 0.197095 0.207288 0.179982 0.211864
0 0.448960 1.000000 0.459140 0.993902 0.440632 0.983040 0.430452 1.000000
0 0.623115 0.315984 0.630417 0.268508 0.611519 0.265601 0.604216 0.313077
0 0.783067 0.995269 0.783695 0.981491 0.776122 0.981146 0.775493 0.994923
0 0.631574 0.163119 0.658001 0.149736 0.648500 0.130975 0.622073 0.144357
0 0.773798 0.995228 0.774241 0.981620 0.766453 0.981366 0.766009 0.994974
0 0.045072 0.540451 0.056977 0.408946 0.000000 0.403608 0.000000 0.535113
0 0.764216 0.995189 0.764912 0.981960 0.757360 0.981562 0.756665 0.994792
0 0.704776 0.997689 0.704965 0.984911 0.697221 0.984796 0.697031 0.997575
0 0.796933 0.995839 0.797352 0.981863 0.789822 0.981637 0.789403 0.995613
0 0.715472 0.995382 0.715884 0.985388 0.707166 0.985029 0.706755 0.995023
0 0.468965 0.919710 0.483518 0.910020 0.458234 0.872049 0.443682 0.881739
0 0.755579 0.995510 0.756056 0.982113 0.747513 0.981809 0.747036 0.995207
0 0.694760 0.995681 0.695021 0.984994 0.688764 0.984842 0.688503 0.995529
0 0.781449 0.475871 0.792522 0.473919 0.788907 0.453419 0.777834 0.455371
0 0.727503 0.997415 0.727684 0.984714 0.718068 0.984577 0.717887 0.997278
0 0.745857 0.995820 0.747203 0.982982 0.735340 0.981738 0.733994 0.994576
0 0.817948 0.994930 0.818134 0.984353 0.811861 0.984243 0.811674 0.994819
0 0.851084 0.994898 0.851464 0.982004 0.846476 0.981856 0.846096 0.994751
0 0.835309 0.995316 0.835470 0.985249 0.829247 0.985150 0.829086 0.995217
0 0.858420 0.994532 0.859221 0.982513 0.854251 0.982182 0.853449 0.994200
0 0.610362 0.227192 0.624804 0.225998 0.622491 0.198025 0.608050 0.199219
