0 0.888075 0.461848 0.909454 0.451942 0.879729 0.387791 0.858350 0.397697
0 0.940697 0.230967 0.997599 0.204822 0.989560 0.187326 0.932659 0.213471
0 0.931255 0.055162 0.976807 0.032233 0.969284 0.017288 0.923733 0.040217
0 0.813398 0.280818 0.827464 0.274409 0.807150 0.229825 0.793083 0.236234
0 0.911555 0.430132 0.946601 0.415967 0.941464 0.403257 0.906417 0.417423
0 0.925673 0.206207 0.985601 0.182621 0.978269 0.163991 0.918340 0.187577
0 0.915951 0.471051 0.964020 0.450574 0.957157 0.434462 0.909088 0.454940
0 0.738737 0.099721 0.787383 0.077904 0.779938 0.061304 0.731292 0.083121
0 0.791844 0.172853 0.832287 0.154093 0.826132 0.140822 0.785689 0.159582
0 0.833485 0.319025 0.845862 0.312911 0.829708 0.280208 0.817331 0.286322
0 0.801118 0.187173 0.839155 0.170072 0.833398 0.157266 0.795361 0.174368
0 0.974833 0.130151 1.000000 0.115188 0.998997 0.102731 0.968685 0.117694
0 0.919198 0.446615 0.956865 0.431101 0.951121 0.417154 0.913453 0.432668
0 0.882101 0.367649 0.925518 0.346286 0.918894 0.332824 0.875477 0.354188
0 0.910227 0.129657 0.952573 0.111127 0.946138 0.096420 0.903792 0.114949
0 0.787601 0.235213 0.805491 0.226309 0.777079 0.169228 0.759189 0.178132
0 0.953189 0.083267 0.992116 0.064959 0.985616 0.051140 0.946689 0.069449
0 0.980687 0.279872 1.000000 0.267496 0.999361 0.254876 0.974424 0.267252
0 0.962307 0.097923 0.997708 0.080767 0.991685 0.068339 0.956284 0.085496
0 0.968092 0.114055 0.998852 0.099059 0.993028 0.087114 0.962268 0.102110
0 0.861067 0.319565 0.902822 0.300568 0.896624 0.286943 0.854868 0.305940
0 0.896882 0.092428 0.937611 0.073006 0.930680 0.058471 0.889950 0.077893
0 0.921668 0.146195 0.961525 0.129012 0.955948 0.116076 0.916091 0.133258
0 0.896985 0.402533 0.936389 0.382266 0.928932 0.367768 0.889528 0.388036
0 0.855764 0.376125 0.871596 0.368036 0.847964 0.321787 0.832132 0.329877
0 0.851580 0.306198 0.891061 0.288260 0.884369 0.273531 0.844888 0.291469
0 0.886600 0.076834 0.930023 0.056787 0.922988 0.041548 0.879564 0.061595
0 0.769047 0.125141 0.807582 0.106523 0.800605 0.092082 0.762070 0.110700
0 0.888192 0.385102 0.926120 0.366226 0.919200 0.352320 0.881271 0.371195
0 0.819930 0.235850 0.853571 0.220264 0.847392 0.206928 0.813752 0.222513
0 0.761161 0.109174 0.796165 0.091707 0.789371 0.078092 0.754367 0.095560
0 0.909797 0.413089 0.941709 0.399458 0.936497 0.387257 0.904585 0.400888
0 0.698565 0.037243 0.703700 0.023026 0.666231 0.009492 0.661096 0.023709
0 0.933784 0.604780 0.935277 0.592428 0.906099 0.588901 0.904606 0.601253
0 0.869470 0.335388 0.905943 0.318078 0.899778 0.305088 0.863305 0.322399
0 0.582909 0.079079 0.616826 0.072968 0.614371 0.059344 0.580455 0.065456
0 0.982681 0.144949 1.000000 0.134114 0.999350 0.121755 0.976755 0.132590
0 0.075466 0.516160 0.084948 0.500119 0.042272 0.474894 0.032791 0.490935
0 0.517231 0.645986 0.526331 0.629535 0.486161 0.607315 0.477062 0.623765
0 0.490914 0.540929 0.493405 0.528031 0.459939 0.521567 0.457448 0.534466
0 0.025466 0.613970 0.026354 0.601868 0.000012 0.599936 0.000000 0.612038
0 0.523947 0.317775 0.528243 0.300162 0.481541 0.288770 0.477245 0.306383
0 0.552335 0.419820 0.556847 0.405501 0.522797 0.394772 0.518285 0.409091
0 0.897896 0.653905 0.899779 0.639007 0.860813 0.634082 0.858930 0.648980
0 0.692213 0.536701 0.696564 0.523458 0.660157 0.511495 0.655805 0.524739
0 0.627697 0.386038 0.628000 0.371538 0.592504 0.370797 0.592201 0.385297
0 0.587661 0.508719 0.588500 0.496274 0.560575 0.494391 0.559736 0.506837
0 0.846454 0.286990 0.880412 0.273819 0.875515 0.261195 0.841558 0.274367
0 0.276392 0.390261 0.316633 0.378501 0.312342 0.363818 0.272101 0.375578
0 0.575395 0.214057 0.579281 0.200028 0.542653 0.189881 0.538767 0.203909
0 0.398963 0.571045 0.401365 0.558188 0.361748 0.550788 0.359346 0.563645
0 0.324060 0.483600 0.364704 0.466933 0.359006 0.453038 0.318362 0.469704
0 0.474149 0.236373 0.478004 0.219172 0.436191 0.209801 0.432336 0.227002
0 0.444398 0.458850 0.450279 0.442314 0.408214 0.427353 0.402333 0.443888
0 0.009345 0.079519 0.017654 0.063539 0.001285 0.055027 0.000000 0.071007
0 0.786002 0.156504 0.809936 0.143788 0.804632 0.133806 0.780699 0.146522
0 0.253929 0.523398 0.254129 0.505631 0.207107 0.505100 0.206906 0.522866
0 0.981098 0.298196 1.000000 0.260217 0.970350 0.022263 0.880508 0.060242
0 0.948429 0.664932 0.974856 0.662440 0.973603 0.649154 0.947176 0.651646
0 0.078422 0.595769 0.085434 0.584851 0.055248 0.565466 0.048236 0.576384
0 0.259633 0.945366 0.260553 0.932409 0.231191 0.930324 0.230271 0.943280
0 0.301671 0.858403 0.305419 0.846362 0.274141 0.836628 0.270394 0.848670
0 0.656474 0.957937 0.658903 0.945875 0.628685 0.939791 0.626257 0.951854
0 0.053488 0.392671 0.055513 0.377715 0.017790 0.372608 0.015765 0.387563
0 0.458398 0.019868 0.465339 0.007803 0.438146 0.000000 0.431204 0.004222
0 0.040610 0.727679 0.041138 0.715206 0.011690 0.713959 0.011162 0.726432
0 0.185299 0.115295 0.187250 0.099186 0.144187 0.093971 0.142237 0.110080
0 1.000000 0.607111 1.000000 0.594499 0.991747 0.592102 0.989171 0.604714
0 0.123702 0.039633 0.128051 0.024765 0.084803 0.012114 0.080453 0.026982
0 0.141258 0.180840 0.175079 0.164888 0.168863 0.151709 0.135042 0.167661
0 0.069822 0.163822 0.074566 0.149734 0.037171 0.137142 0.032427 0.151230
0 0.226137 0.222462 0.228486 0.206172 0.178693 0.198993 0.176344 0.215283
0 0.234040 0.303260 0.272909 0.298986 0.271218 0.283614 0.232350 0.287888
0 0.597936 0.277811 0.597742 0.264438 0.571629 0.264815 0.571823 0.278189
0 0.705006 0.997948 0.705179 0.984763 0.697153 0.984658 0.696980 0.997843
0 0.129360 0.249069 0.128850 0.232512 0.086187 0.233826 0.086697 0.250384
0 0.568615 0.602060 0.603435 0.597081 0.601458 0.583255 0.566638 0.588233
0 1.000000 0.174003 1.000000 0.159516 0.993086 0.159687 0.993421 0.174174
0 0.782790 0.995422 0.783454 0.982008 0.775942 0.981637 0.775278 0.995051
0 0.773723 0.995619 0.774297 0.981928 0.766356 0.981596 0.765783 0.995286
0 0.590504 0.855989 0.622837 0.852464 0.621673 0.841784 0.589339 0.845309
0 0.715411 0.995601 0.715785 0.985093 0.707160 0.984786 0.706786 0.995294
0 0.419134 0.673824 0.427359 0.662991 0.400381 0.642508 0.392156 0.653341
0 0.764161 0.995456 0.764867 0.981983 0.757407 0.981592 0.756700 0.995065
0 0.694811 0.995807 0.695099 0.984803 0.688747 0.984637 0.688460 0.995641
0 0.998895 0.290060 1.000000 0.277486 0.992473 0.274406 0.988682 0.286981
0 0.160462 0.945790 0.163622 0.931631 0.125587 0.923142 0.122427 0.937301
0 0.835440 0.995348 0.835569 0.985223 0.829215 0.985142 0.829085 0.995267
0 0.915756 0.481634 0.975697 0.453080 0.813013 0.111564 0.753072 0.140117
0 0.075900 0.997403 0.078438 0.974061 0.061886 0.972261 0.059348 0.995603
0 0.271282 0.636487 0.280562 0.622317 0.245656 0.599455 0.236376 0.613625
0 0.156218 0.681119 0.164462 0.667384 0.128908 0.646042 0.120663 0.659777
0 0.797106 0.995912 0.797463 0.982161 0.789590 0.981957 0.789232 0.995707
0 0.553742 0.972323 0.558710 0.957360 0.522395 0.945302 0.517427 0.960265
0 0.867470 0.995469 0.868014 0.984715 0.861141 0.984368 0.860596 0.995121
0 0.833272 0.883115 0.840966 0.871951 0.807241 0.848708 0.799547 0.859872
0 0.858601 0.994663 0.859282 0.982768 0.854029 0.982467 0.853347 0.994362
0 0.727662 0.997540 0.727897 0.984573 0.718041 0.984394 0.717805 0.997361
0 0.851299 0.994892 0.851591 0.982310 0.846391 0.982189 0.846098 0.994771
0 0.913328 0.468889 0.968821 0.442231 0.864329 0.224713 0.808837 0.251371
0 0.818056 0.994957 0.818273 0.984410 0.811785 0.984277 0.811569 0.994823
0 0.886462 0.995402 0.886515 0.984630 0.879503 0.984596 0.879450 0.995367
0 0.755543 0.995677 0.756122 0.981954 0.747831 0.981604 0.747252 0.995327
0 0.788284 0.974322 0.788503 0.965456 0.761581 0.964792 0.761363 0.973659
0 0.900771 0.218550 0.920593 0.209314 0.916525 0.200584 0.896703 0.209820
0 0.044493 0.948188 0.050021 0.935109 0.020603 0.922674 0.015074 0.935753
0 0.725696 0.628078 0.725476 0.614451 0.701356 0.614841 0.701576 0.628468
0 0.363767 0.952859 0.368995 0.939366 0.328739 0.923767 0.323510 0.937261
0 1.000000 0.304135 1.000000 0.289820 0.993369 0.289839 0.993408 0.304155
0 0.869324 0.995107 0.869710 0.984879 0.862919 0.984623 0.862533 0.994851
0 0.745599 0.995972 0.747102 0.982769 0.735320 0.981428 0.733817 0.994630
0 0.836683 0.289411 0.881936 0.267954 0.784144 0.061709 0.738891 0.083165
0 0.274417 0.091048 0.278439 0.076026 0.239588 0.065625 0.235566 0.080647
0 1.000000 0.316909 0.994501 0.039136 0.894779 0.043406 0.906673 0.321179
0 0.914190 0.995407 0.914570 0.984366 0.907063 0.984108 0.906683 0.995148
0 0.826949 0.995052 0.827068 0.985068 0.821348 0.985000 0.821229 0.994984
