0 0.456384 0.484197 0.498859 0.448736 0.483975 0.430907 0.441499 0.466368
0 0.722400 0.282691 0.768670 0.264921 0.762317 0.248380 0.716048 0.266149
0 0.637409 0.174773 0.726588 0.096868 0.650956 0.010291 0.561777 0.088197
0 0.334797 0.097768 0.357386 0.058403 0.340533 0.048732 0.317944 0.088098
0 0.436174 0.361752 0.450587 0.308182 0.430818 0.302863 0.416404 0.356433
0 0.422884 0.544678 0.445734 0.499746 0.428077 0.490766 0.405227 0.535699
0 0.489961 0.746186 0.510775 0.696266 0.490696 0.687895 0.469883 0.737814
0 0.714092 0.244054 0.777186 0.211267 0.765060 0.187933 0.701967 0.220720
0 0.590198 0.910516 0.623315 0.869220 0.608401 0.857259 0.575283 0.898555
0 0.223037 0.413489 0.248799 0.370888 0.231734 0.360568 0.205972 0.403168
0 0.649207 0.797336 0.681793 0.759021 0.666508 0.746021 0.633922 0.784337
0 0.296420 0.345925 0.303086 0.296418 0.284534 0.293920 0.277868 0.343427
0 0.295902 0.228433 0.327756 0.179784 0.310292 0.168349 0.278438 0.216998
0 0.808605 0.817496 0.822857 0.774565 0.805365 0.768758 0.791113 0.811689
0 0.748700 0.911161 0.776518 0.868511 0.758511 0.856765 0.730692 0.899415
0 0.465782 0.649089 0.487147 0.605509 0.469063 0.596643 0.447698 0.640224
0 0.065309 0.833458 0.078035 0.790848 0.059958 0.785450 0.047233 0.828060
0 0.771468 0.264697 0.792312 0.252678 0.786286 0.242227 0.765441 0.254246
0 0.406157 0.997240 0.433955 0.953822 0.416778 0.942824 0.388980 0.986243
0 0.588096 0.339763 0.603037 0.303562 0.588428 0.297533 0.573488 0.333734
0 0.445165 0.895492 0.470668 0.852953 0.454258 0.843114 0.428754 0.885654
0 0.661464 1.000000 0.667351 0.987844 0.648733 0.981964 0.642846 1.000000
0 0.343281 0.467021 0.366238 0.427146 0.349288 0.417387 0.326331 0.457262
0 0.531732 0.386665 0.550079 0.353833 0.537347 0.346718 0.519000 0.379551
0 0.435758 0.125807 0.438803 0.080645 0.421711 0.079492 0.418665 0.124654
0 0.885939 0.934683 0.903701 0.893135 0.885362 0.885296 0.867601 0.926844
