0 0.078691 0.121618 0.188446 0.074471 0.175406 0.044114 0.065651 0.091261
0 0.713090 0.780486 0.720267 0.762666 0.668353 0.741758 0.661176 0.759578
0 0.761804 0.244458 0.784737 0.222768 0.703716 0.137101 0.680782 0.158792
0 0.927554 0.579567 0.960647 0.568326 0.956047 0.554786 0.922955 0.566026
0 0.862929 0.608399 0.864031 0.593615 0.813078 0.589814 0.811975 0.604598
0 0.824815 0.739324 0.829199 0.724335 0.786659 0.711893 0.782276 0.726882
0 0.886803 0.815030 0.888914 0.798990 0.846107 0.793354 0.843995 0.809395
0 0.553645 0.931612 0.606723 0.924326 0.604159 0.905648 0.551081 0.912935
0 0.831209 0.948948 0.831027 0.933025 0.789018 0.933504 0.789200 0.949428
0 0.771915 0.864077 0.776845 0.849017 0.738571 0.836488 0.733641 0.851549
0 0.842936 0.880027 0.876836 0.864524 0.870958 0.851672 0.837059 0.867175
0 0.655915 0.585499 0.659578 0.573083 0.629460 0.564198 0.625797 0.576614
0 0.928124 0.921777 0.930196 0.905245 0.879583 0.898901 0.877510 0.915433
0 0.704979 0.997877 0.705116 0.984804 0.697025 0.984719 0.696888 0.997792
0 0.493724 0.867216 0.525806 0.857424 0.521897 0.844617 0.489815 0.854408
0 0.650958 0.676523 0.654579 0.661580 0.617662 0.652635 0.614041 0.667577
0 0.715512 0.995621 0.715823 0.985186 0.707054 0.984925 0.706743 0.995359
0 0.552007 0.732685 0.556250 0.718046 0.521928 0.708099 0.517686 0.722738
0 0.783337 0.995362 0.783897 0.981398 0.776033 0.981082 0.775472 0.995047
0 0.483565 0.967450 0.488537 0.953602 0.452035 0.940496 0.447063 0.954344
0 0.345176 1.000000 0.375097 0.989238 0.368820 0.977543 0.338898 0.993604
0 0.773907 0.995514 0.774316 0.982148 0.766207 0.981900 0.765798 0.995266
0 0.697357 0.068711 0.733627 0.061414 0.730232 0.044542 0.693962 0.051839
0 0.764303 0.995241 0.764910 0.982033 0.757268 0.981682 0.756661 0.994889
0 0.901250 0.208997 0.920408 0.201762 0.917214 0.193305 0.898056 0.200539
0 0.727780 0.997564 0.728026 0.984599 0.717995 0.984408 0.717749 0.997374
0 0.975751 0.791204 0.979488 0.776836 0.940562 0.766712 0.936825 0.781080
0 0.694930 0.995897 0.695177 0.984813 0.688672 0.984668 0.688424 0.995752
0 0.755653 0.995695 0.756163 0.982142 0.747505 0.981816 0.746996 0.995370
0 0.745958 0.996015 0.747425 0.982982 0.735269 0.981614 0.733803 0.994647
