0 0.783219 0.995230 0.783735 0.981539 0.775981 0.981246 0.775465 0.994937
0 0.773853 0.995272 0.774242 0.982145 0.766265 0.981909 0.765876 0.995035
0 0.704924 0.997832 0.705115 0.984716 0.697052 0.984599 0.696862 0.997715
0 0.764320 0.995123 0.764915 0.982057 0.757315 0.981711 0.756721 0.994777
0 0.797116 0.995577 0.797468 0.981946 0.789813 0.981748 0.789461 0.995380
0 0.715437 0.995537 0.715858 0.985196 0.707089 0.984839 0.706668 0.995180
0 0.974480 0.997778 0.975617 0.985239 0.966932 0.984451 0.965795 0.996990
0 0.450030 1.000000 0.489969 0.991225 0.478211 0.971923 0.438272 0.996252
0 0.886544 0.995452 0.886613 0.984805 0.879124 0.984757 0.879055 0.995403
0 0.900209 0.922694 0.903928 0.878146 0.883738 0.876460 0.880019 0.921008
0 0.755618 0.995413 0.756080 0.982144 0.747478 0.981844 0.747016 0.995114
0 0.835569 0.995459 0.835746 0.985150 0.829121 0.985035 0.828943 0.995344
0 0.817983 0.994944 0.818233 0.984434 0.811763 0.984280 0.811513 0.994790
0 0.867956 0.995568 0.868466 0.984666 0.861016 0.984317 0.860506 0.995219
0 0.745775 0.995735 0.747116 0.982963 0.735442 0.981738 0.734101 0.994510
0 0.727688 0.997471 0.727877 0.984628 0.717975 0.984482 0.717786 0.997326
0 0.625008 0.922146 0.633884 0.883076 0.617437 0.879339 0.608561 0.918410
0 0.450479 1.000000 0.489069 0.992283 0.477419 0.973550 0.438828 0.997551
0 0.695044 0.995743 0.695336 0.984857 0.688671 0.984678 0.688379 0.995564
0 0.858789 0.994795 0.859452 0.982668 0.853875 0.982363 0.853211 0.994490
0 0.914349 0.995515 0.914798 0.984307 0.907029 0.983997 0.906581 0.995204
0 0.986939 0.996405 0.987966 0.984430 0.979294 0.983686 0.978267 0.995661
