0 0.951899 0.087157 0.961261 0.069245 0.887279 0.030581 0.877918 0.048493
0 0.191928 0.190730 0.201956 0.110919 0.186118 0.108929 0.176090 0.188740
0 0.811170 0.078963 0.818337 0.065884 0.782464 0.046226 0.775297 0.059305
0 0.432214 1.000000 0.447998 0.997604 0.422539 0.955882 0.406755 0.965513
0 0.886047 0.374922 0.900060 0.365480 0.852485 0.294875 0.838472 0.304317
0 0.703547 0.717640 0.718309 0.706103 0.688867 0.668431 0.674105 0.679968
0 0.915218 0.255410 0.919286 0.212217 0.860510 0.206682 0.856442 0.249875
0 0.813488 0.878492 0.828264 0.831530 0.808609 0.825346 0.793833 0.872308
0 0.704851 0.997848 0.705080 0.984695 0.696977 0.984554 0.696749 0.997707
0 0.903626 0.755560 0.928830 0.718717 0.915058 0.709296 0.889854 0.746138
0 0.591257 0.574126 0.596928 0.552568 0.586575 0.549844 0.580903 0.571401
0 0.783201 0.995280 0.783745 0.981568 0.775833 0.981254 0.775290 0.994966
