0 0.597253 0.402275 0.677077 0.357801 0.605365 0.229090 0.525541 0.273564
0 0.256632 0.661888 0.265626 0.508543 0.245258 0.507348 0.236264 0.660694
0 0.693434 0.529635 0.701178 0.512028 0.654448 0.491475 0.646704 0.509083
0 0.377581 0.311225 0.401045 0.292728 0.392475 0.281856 0.369011 0.300353
0 0.946297 0.650960 0.972695 0.635351 0.966097 0.624193 0.939699 0.639803
0 0.873483 0.584136 0.900657 0.575404 0.896921 0.563778 0.869747 0.572510
0 0.923768 0.686382 0.965379 0.667305 0.958863 0.653093 0.917252 0.672169
0 0.399016 0.375426 0.426714 0.368636 0.423612 0.355979 0.395913 0.362769
0 0.419793 0.046716 0.445107 0.041343 0.442657 0.029801 0.417343 0.035174
0 0.665047 0.461939 0.679777 0.440697 0.670695 0.434400 0.655966 0.455642
0 0.310167 0.267787 0.329432 0.251626 0.321168 0.241775 0.301903 0.257936
0 0.544108 0.659231 0.597047 0.645594 0.590155 0.618840 0.537216 0.632477
0 0.589940 0.469662 0.602649 0.461502 0.564725 0.402438 0.552017 0.410598
