0 0.946915 0.372807 0.967522 0.368542 0.956039 0.313051 0.935432 0.317315
0 0.659306 0.891491 0.726210 0.884223 0.724436 0.867891 0.657531 0.875158
0 0.947728 0.659024 0.965769 0.656878 0.960470 0.612339 0.942430 0.614486
0 0.413186 0.409000 0.730645 0.349110 0.720193 0.293708 0.402734 0.353599
0 0.824776 0.206888 0.863473 0.182948 0.853311 0.166522 0.814614 0.190462
0 0.919482 0.252985 0.937159 0.248164 0.925981 0.207180 0.908305 0.212001
0 0.732430 0.198225 0.746854 0.178301 0.529070 0.020626 0.514645 0.040549
0 0.729779 0.197887 0.745134 0.176824 0.523590 0.015321 0.508235 0.036384
0 1.000000 0.907730 1.000000 0.889251 0.992997 0.889191 0.992845 0.907670
0 0.974331 0.997855 0.975478 0.985226 0.966885 0.984446 0.965739 0.997075
0 0.476010 0.590825 0.475756 0.579916 0.444318 0.580647 0.444572 0.591557
