0 0.464543 0.313617 0.481695 0.300672 0.446463 0.253990 0.429311 0.266935
0 0.325586 0.259062 0.345599 0.252044 0.327554 0.200584 0.307540 0.207602
0 0.295676 0.402853 0.308890 0.390230 0.279823 0.359801 0.266609 0.372424
0 0.319820 0.084731 0.337179 0.080991 0.327851 0.037695 0.310492 0.041435
0 0.783134 0.995192 0.783689 0.981341 0.776069 0.981035 0.775514 0.994886
0 0.469621 0.192359 0.484323 0.182658 0.458257 0.143158 0.443556 0.152859
0 0.796815 0.995512 0.797221 0.981611 0.789928 0.981398 0.789522 0.995299
0 0.773728 0.995108 0.774142 0.981932 0.766371 0.981687 0.765957 0.994864
0 0.715410 0.995602 0.715882 0.985007 0.707295 0.984625 0.706823 0.995220
0 0.764218 0.995052 0.764811 0.981920 0.757375 0.981585 0.756782 0.994716
0 0.704786 0.997729 0.704957 0.984823 0.697119 0.984719 0.696948 0.997624
0 0.851107 0.994932 0.851462 0.982125 0.846461 0.981986 0.846106 0.994794
0 0.835293 0.995324 0.835451 0.985271 0.829277 0.985174 0.829119 0.995228
0 0.858397 0.994495 0.859162 0.982592 0.854164 0.982271 0.853399 0.994174
0 0.817946 0.994871 0.818154 0.984335 0.811886 0.984211 0.811678 0.994748
0 0.727625 0.997454 0.727789 0.984632 0.718115 0.984509 0.717952 0.997331
