0 0.351180 0.180157 0.354162 0.166140 0.312253 0.157225 0.309271 0.171242
0 0.071117 0.363886 0.073829 0.355728 0.046518 0.346649 0.043807 0.354807
0 0.220894 0.606146 0.224321 0.598141 0.200624 0.587993 0.197196 0.595998
0 0.940670 0.758250 0.943416 0.744460 0.904362 0.736681 0.901615 0.750471
0 0.423392 0.309628 0.425796 0.293110 0.380177 0.286470 0.377773 0.302989
0 0.395469 0.015842 0.395258 0.004911 0.365243 0.005490 0.365454 0.016421
0 0.108017 0.243490 0.109893 0.233643 0.082927 0.228505 0.081051 0.238352
0 0.157642 0.876503 0.158364 0.864847 0.122442 0.862624 0.121721 0.874280
0 0.383367 0.049379 0.384054 0.042398 0.359345 0.039966 0.358657 0.046947
0 0.692030 0.800678 0.694728 0.792361 0.676752 0.786529 0.674054 0.794846
0 0.420850 0.324439 0.423503 0.311737 0.373045 0.301201 0.370392 0.313903
0 0.580427 0.441753 0.580510 0.431000 0.501179 0.430383 0.501096 0.441135
0 0.999376 0.425949 1.000000 0.411007 0.972876 0.409101 0.971841 0.424042
0 0.250626 0.578007 0.250728 0.569488 0.206484 0.568961 0.206382 0.577479
0 0.941073 0.782214 0.945816 0.769051 0.912626 0.757094 0.907884 0.770257
0 0.217766 0.865949 0.217838 0.856163 0.149075 0.855655 0.149003 0.865441
0 0.147429 0.109597 0.148752 0.102642 0.125680 0.098253 0.124357 0.105207
0 0.334798 0.541704 0.337977 0.524646 0.294084 0.516464 0.290904 0.533522
0 0.131005 0.093069 0.150620 0.084716 0.147516 0.077426 0.127900 0.085779
0 0.999990 0.817287 1.000000 0.802405 0.989514 0.795744 0.983502 0.810626
0 0.580211 0.167376 0.664286 0.166040 0.664108 0.154843 0.580033 0.156179
0 0.783178 0.995251 0.783608 0.981639 0.775797 0.981392 0.775367 0.995004
0 0.857142 0.852536 0.856999 0.843692 0.782815 0.844892 0.782958 0.853736
0 0.851115 0.994806 0.851456 0.982265 0.846526 0.982131 0.846184 0.994671
0 0.281786 0.910029 0.290832 0.906607 0.277586 0.871589 0.268540 0.875011
0 0.835351 0.995357 0.835434 0.985264 0.829211 0.985213 0.829127 0.995306
0 0.883513 0.265278 0.883510 0.255503 0.806426 0.255524 0.806429 0.265299
0 0.773906 0.995423 0.774266 0.982357 0.766117 0.982133 0.765757 0.995199
0 0.858413 0.994472 0.859058 0.982825 0.854098 0.982550 0.853453 0.994197
0 0.201965 0.966191 0.202163 0.956398 0.121099 0.954758 0.120901 0.964551
0 0.886293 0.995423 0.886354 0.984513 0.879653 0.984475 0.879592 0.995385
0 0.482556 0.365795 0.482434 0.356214 0.411741 0.357116 0.411864 0.366697
0 0.216481 0.866650 0.216605 0.855749 0.141165 0.854896 0.141042 0.865797
0 0.818076 0.994797 0.818316 0.984311 0.811766 0.984161 0.811526 0.994647
0 0.867174 0.995196 0.867673 0.984779 0.861217 0.984470 0.860718 0.994887
0 0.396585 0.008704 0.396693 0.000376 0.368419 0.000009 0.368311 0.008336
0 0.125919 0.893372 0.166480 0.883057 0.164102 0.873703 0.123540 0.884018
0 0.797406 0.995825 0.797693 0.981787 0.789763 0.981624 0.789476 0.995662
0 0.383857 0.653269 0.383944 0.643462 0.309718 0.642803 0.309631 0.652609
0 0.940747 0.767864 0.942831 0.757912 0.905546 0.750104 0.903462 0.760056
0 0.914036 0.995409 0.914425 0.984344 0.907115 0.984087 0.906726 0.995152
