0 0.143416 0.040660 0.143947 0.020596 0.091249 0.019202 0.090718 0.039266
0 0.169659 0.161600 0.172372 0.150844 0.147707 0.144624 0.144995 0.155381
0 0.770773 0.364099 0.773824 0.355327 0.747063 0.346018 0.744011 0.354790
0 0.227698 0.013247 0.227872 0.000000 0.181302 0.000000 0.181128 0.012680
0 0.372131 0.201848 0.372736 0.187033 0.332481 0.185390 0.331876 0.200205
0 0.578286 0.377014 0.619573 0.374454 0.618749 0.361168 0.577462 0.363728
0 0.277677 0.690712 0.282394 0.682524 0.260224 0.669755 0.255507 0.677943
0 0.920960 0.605936 0.924204 0.598225 0.900498 0.588250 0.897253 0.595961
0 0.564345 0.024968 0.580179 0.018936 0.571008 0.000000 0.555174 0.000892
0 0.599710 0.532073 0.634511 0.521912 0.631076 0.510148 0.596275 0.520309
0 0.664635 0.276255 0.668822 0.269719 0.653605 0.259970 0.649418 0.266506
0 0.337459 0.844907 0.367403 0.828764 0.361491 0.817797 0.331546 0.833940
0 0.160000 0.442228 0.160038 0.430554 0.081528 0.430302 0.081491 0.441977
0 0.808096 0.243575 0.809933 0.233430 0.782088 0.228388 0.780251 0.238533
0 0.031917 0.772648 0.033907 0.763704 0.013529 0.759171 0.011540 0.768115
0 0.827850 0.900738 0.865644 0.883728 0.860618 0.872560 0.822824 0.889571
0 0.603454 0.973754 0.605355 0.963903 0.576315 0.958300 0.574414 0.968151
0 0.336627 0.378000 0.336527 0.366819 0.262151 0.367486 0.262251 0.378668
0 0.603469 0.959109 0.606027 0.950070 0.580707 0.942908 0.578150 0.951948
0 0.492557 0.589076 0.498436 0.583391 0.481450 0.565823 0.475570 0.571508
0 0.071151 0.191434 0.071400 0.182151 0.024514 0.180897 0.024266 0.190181
0 0.460334 0.697167 0.460651 0.683169 0.421856 0.682292 0.421539 0.696289
0 0.950874 0.577943 0.950992 0.569362 0.904533 0.568723 0.904415 0.577304
0 0.602559 0.962556 0.604852 0.953824 0.579129 0.947067 0.576835 0.955799
0 0.132650 0.777842 0.132742 0.768676 0.058970 0.767939 0.058878 0.777105
0 0.052659 0.879026 0.060955 0.871928 0.040577 0.848113 0.032282 0.855211
0 0.693893 0.139967 0.693854 0.129974 0.615413 0.130277 0.615451 0.140270
0 0.783103 0.995204 0.783558 0.981622 0.775794 0.981362 0.775338 0.994944
0 0.498788 0.578507 0.504481 0.572049 0.484060 0.554047 0.478368 0.560505
0 0.335122 0.678364 0.335077 0.668108 0.289270 0.668311 0.289316 0.678567
0 0.507432 0.952572 0.507422 0.943181 0.434636 0.943261 0.434646 0.952651
0 0.412639 0.653957 0.414198 0.645381 0.386836 0.640410 0.385278 0.648986
0 0.215156 0.045218 0.216727 0.034461 0.177591 0.028745 0.176020 0.039501
0 0.149795 0.653421 0.150053 0.644653 0.101722 0.643230 0.101464 0.651998
0 0.773887 0.995269 0.774257 0.982288 0.766165 0.982057 0.765796 0.995038
0 0.281829 0.665173 0.283521 0.659546 0.270631 0.655669 0.268938 0.661296
0 0.915603 0.866627 0.915711 0.855329 0.840676 0.854613 0.840568 0.865912
0 0.797251 0.995676 0.797558 0.981767 0.789850 0.981597 0.789544 0.995506
0 0.980056 0.917068 0.991999 0.913347 0.979228 0.872362 0.967285 0.876084
