0 0.551870 0.983351 0.585018 0.977140 0.582348 0.962893 0.549200 0.969104
0 0.763186 0.524020 0.768899 0.513741 0.743038 0.499368 0.737325 0.509647
0 0.560748 0.965328 0.595629 0.959797 0.593358 0.945479 0.558478 0.951010
0 0.806761 0.631548 0.807012 0.621416 0.787414 0.620930 0.787163 0.631062
0 0.239973 0.758029 0.241642 0.744330 0.200893 0.739365 0.199224 0.753064
0 0.309606 0.103085 0.383392 0.102648 0.383338 0.093476 0.309552 0.093913
0 0.868142 0.962014 0.871638 0.949971 0.793212 0.927208 0.789717 0.939250
0 0.940669 0.266003 0.940791 0.257295 0.859809 0.256158 0.859687 0.264865
0 0.478050 0.941646 0.478021 0.930274 0.406431 0.930461 0.406460 0.941832
0 0.762200 0.241224 0.762219 0.230413 0.684848 0.230279 0.684829 0.241090
0 0.240526 0.782496 0.245246 0.769155 0.211662 0.757274 0.206942 0.770614
0 0.156498 0.853423 0.156633 0.844396 0.081476 0.843273 0.081341 0.852301
0 0.528319 0.815467 0.528284 0.805215 0.452154 0.805475 0.452189 0.815728
0 0.938080 0.490756 0.938046 0.481102 0.869471 0.481338 0.869504 0.490991
0 0.694798 0.676634 0.697065 0.665872 0.669469 0.660058 0.667202 0.670821
0 0.305202 0.696700 0.343897 0.687220 0.340761 0.674420 0.302066 0.683900
0 0.296024 0.741017 0.371405 0.741543 0.371481 0.730576 0.296100 0.730050
0 0.693644 0.376509 0.694083 0.366421 0.671457 0.365437 0.671018 0.375525
0 0.305771 0.817096 0.309901 0.808007 0.287095 0.797643 0.282965 0.806732
0 0.695251 0.387161 0.696731 0.378386 0.673356 0.374445 0.671877 0.383221
0 0.582961 0.241321 0.582959 0.230214 0.504326 0.230235 0.504329 0.241343
0 0.684665 0.381589 0.684732 0.367577 0.608855 0.367212 0.608787 0.381224
0 0.548840 0.999804 0.580819 0.992407 0.577786 0.979293 0.545807 0.986689
0 0.690385 0.394323 0.692544 0.385874 0.670705 0.380293 0.668546 0.388742
0 0.783038 0.995319 0.783411 0.981767 0.775807 0.981558 0.775434 0.995110
0 0.478176 0.665149 0.478043 0.654397 0.399136 0.655371 0.399268 0.666123
0 0.716689 0.860830 0.717721 0.831850 0.579533 0.826930 0.578501 0.855909
0 0.692561 0.367427 0.692853 0.359706 0.675057 0.359032 0.674765 0.366753
0 0.307760 0.808015 0.310121 0.798747 0.292266 0.794198 0.289905 0.803466
0 0.054926 0.507035 0.061661 0.419346 0.038585 0.417573 0.031850 0.505262
0 0.280394 0.153414 0.280431 0.143425 0.201657 0.143138 0.201620 0.153127
