0 0.035471 0.880493 0.045567 0.868343 0.013018 0.841297 0.002922 0.853448
0 0.098737 0.664268 0.105577 0.659654 0.086803 0.631824 0.079964 0.636438
0 0.029189 0.680245 0.034980 0.674626 0.010518 0.649413 0.004727 0.655032
0 0.195780 0.836401 0.222045 0.826376 0.218447 0.816949 0.192182 0.826974
0 0.575689 0.388649 0.580069 0.380499 0.551922 0.365375 0.547543 0.373525
0 0.718039 0.469129 0.721361 0.460904 0.692381 0.449197 0.689059 0.457421
0 0.394373 0.481129 0.402655 0.468506 0.374998 0.450359 0.366716 0.462982
0 0.294846 0.313202 0.330594 0.306758 0.328261 0.293813 0.292512 0.300257
0 0.939834 0.058838 0.942824 0.045328 0.906150 0.037212 0.903160 0.050722
0 0.092387 0.639418 0.118531 0.632277 0.116170 0.623630 0.090025 0.630771
0 0.058626 0.753692 0.062093 0.746986 0.036494 0.733752 0.033027 0.740458
0 0.038301 0.656942 0.041043 0.650656 0.018849 0.640977 0.016108 0.647263
0 0.463202 0.379885 0.463377 0.368801 0.384076 0.367545 0.383900 0.378629
0 0.045300 0.515574 0.051264 0.505397 0.015957 0.484704 0.009993 0.494880
0 0.418537 0.679099 0.418486 0.667667 0.346118 0.667992 0.346169 0.679424
0 0.579496 0.376093 0.583300 0.367998 0.557052 0.355666 0.553248 0.363761
0 0.075525 0.677565 0.075299 0.668254 0.041231 0.669083 0.041458 0.678393
0 0.047495 0.511073 0.053897 0.500508 0.020603 0.480335 0.014202 0.490900
0 0.725328 0.458719 0.728295 0.449231 0.700167 0.440435 0.697200 0.449923
0 0.034697 0.848211 0.042492 0.841631 0.023319 0.818920 0.015525 0.825500
0 0.156894 0.176304 0.157180 0.164902 0.122834 0.164041 0.122548 0.175443
0 0.217236 0.165271 0.217300 0.156722 0.149512 0.156215 0.149448 0.164763
0 0.941578 0.082990 0.946709 0.069101 0.910010 0.055544 0.904879 0.069433
0 0.772803 0.955643 0.772999 0.939110 0.733123 0.938639 0.732928 0.955171
0 0.692417 0.099908 0.694972 0.091023 0.676676 0.085763 0.674122 0.094648
0 0.629910 0.453147 0.629975 0.445142 0.553651 0.444518 0.553586 0.452523
0 0.200252 0.266305 0.200397 0.257202 0.119541 0.255915 0.119396 0.265018
0 0.326282 0.999492 0.370747 0.987584 0.367249 0.974524 0.322784 0.986432
0 0.569562 0.394010 0.573455 0.387160 0.541592 0.369052 0.537699 0.375902
0 0.125500 0.196316 0.167732 0.184138 0.164961 0.174527 0.122728 0.186705
0 0.999262 0.116284 1.000000 0.101740 0.990187 0.095206 0.983972 0.109750
0 0.048366 0.525459 0.053555 0.515997 0.029938 0.503046 0.024749 0.512508
0 0.181368 0.765233 0.181387 0.755693 0.107110 0.755545 0.107091 0.765085
0 0.283640 0.591271 0.283854 0.581836 0.203890 0.580027 0.203677 0.589462
0 0.688091 0.106805 0.690195 0.099913 0.670131 0.093787 0.668027 0.100678
0 0.012585 0.170831 0.013139 0.156654 0.000000 0.156135 0.000000 0.170311
0 0.999639 0.315670 1.000000 0.304050 0.991678 0.298384 0.986621 0.310004
0 0.868452 0.827599 0.868410 0.818132 0.795427 0.818459 0.795469 0.827926
0 0.941254 0.076395 0.945832 0.063455 0.906908 0.049684 0.902330 0.062624
0 0.223647 0.890968 0.223708 0.882153 0.146254 0.881619 0.146193 0.890434
0 0.283736 0.214320 0.292992 0.210534 0.278284 0.174578 0.269028 0.178364
0 0.926279 0.291447 0.993829 0.291355 0.993815 0.280602 0.926264 0.280694
0 0.632620 0.125803 0.633564 0.112837 0.597903 0.110241 0.596959 0.123208
0 0.400688 0.203457 0.400703 0.194495 0.319999 0.194354 0.319983 0.203316
0 0.738722 0.017883 0.747702 0.002332 0.725174 0.000000 0.716194 0.004874
0 0.048396 0.508647 0.054932 0.498741 0.023631 0.478088 0.017095 0.487995
0 0.670679 0.916785 0.673555 0.902923 0.634068 0.894729 0.631192 0.908591
0 0.224553 0.854148 0.225841 0.845643 0.200557 0.841813 0.199269 0.850318
0 0.617061 0.145496 0.624655 0.134727 0.595341 0.114057 0.587748 0.124827
0 0.439837 0.428864 0.439804 0.417263 0.364986 0.417471 0.365018 0.429072
0 0.414183 0.852615 0.414081 0.843255 0.346074 0.843993 0.346176 0.853353
0 0.783210 0.995195 0.783637 0.981705 0.775801 0.981457 0.775373 0.994946
