0 0.351427 0.882091 0.354558 0.867671 0.312221 0.858478 0.309090 0.872899
0 0.209233 0.397201 0.214111 0.379532 0.164607 0.365864 0.159729 0.383533
0 0.112752 0.539379 0.141902 0.525048 0.137158 0.515399 0.108008 0.529730
0 0.856289 0.592790 0.882509 0.580951 0.877751 0.570415 0.851531 0.582254
0 0.231909 0.227200 0.239597 0.218555 0.210298 0.192498 0.202610 0.201143
0 0.021270 0.458811 0.049347 0.430738 0.038516 0.419906 0.010440 0.447979
0 0.208348 0.366551 0.209011 0.348090 0.162280 0.346411 0.161617 0.364872
0 0.226442 0.205252 0.230882 0.195468 0.206044 0.184197 0.201604 0.193982
0 0.735264 0.625778 0.756714 0.616070 0.751995 0.605645 0.730545 0.615353
0 0.869063 0.454435 0.869078 0.445614 0.830929 0.445549 0.830914 0.454370
0 0.227964 0.081019 0.228007 0.069431 0.150031 0.069142 0.149988 0.080730
0 0.687170 0.370676 0.690145 0.359771 0.663746 0.352570 0.660771 0.363475
0 0.424019 0.372362 0.453385 0.360865 0.448152 0.347499 0.418786 0.358995
0 0.055997 0.705062 0.056092 0.695914 0.005547 0.695391 0.005452 0.704539
0 0.998833 0.625917 1.000000 0.611371 0.961402 0.599859 0.957364 0.614405
0 0.793086 0.481238 0.828611 0.466733 0.824597 0.456902 0.789072 0.471407
0 0.574902 0.678985 0.574878 0.668970 0.500395 0.669154 0.500419 0.679169
0 0.944340 0.112506 0.951397 0.100471 0.915524 0.079434 0.908467 0.091468
0 0.805775 0.207666 0.809099 0.194626 0.782082 0.187740 0.778758 0.200781
0 0.389791 0.089716 0.392978 0.078753 0.353565 0.067294 0.350377 0.078256
0 0.951451 0.458351 0.973019 0.444977 0.966916 0.435135 0.945347 0.448509
0 0.783065 0.995038 0.783488 0.981758 0.775955 0.981518 0.775531 0.994797
0 0.423193 0.356643 0.448402 0.345914 0.443521 0.334445 0.418312 0.345173
0 0.257204 0.366711 0.257294 0.358990 0.221703 0.358576 0.221613 0.366296
0 0.389718 0.086045 0.392854 0.073433 0.356858 0.064480 0.353722 0.077092
0 0.001686 0.554224 0.031016 0.544977 0.027108 0.532582 0.000000 0.541829
0 0.970799 0.054831 0.970871 0.044801 0.894557 0.044255 0.894485 0.054284
0 0.106584 0.615147 0.107917 0.608608 0.087963 0.604539 0.086630 0.611078
0 0.225967 0.237450 0.232731 0.230413 0.214176 0.212577 0.207412 0.219614
0 0.108906 0.945629 0.110740 0.934401 0.082263 0.929748 0.080428 0.940976
0 0.773833 0.995191 0.774122 0.982188 0.766238 0.982012 0.765949 0.995015
0 0.421846 1.000000 0.422904 0.990636 0.389957 0.987870 0.388899 1.000000
0 0.453412 0.079624 0.453624 0.071508 0.411085 0.070399 0.410873 0.078514
0 0.692255 0.356029 0.692338 0.341856 0.666398 0.341704 0.666315 0.355877
0 0.078598 0.304413 0.078660 0.296405 0.005604 0.295830 0.005541 0.303839
0 0.850884 0.994769 0.851268 0.982156 0.846601 0.982013 0.846216 0.994626
0 0.341957 0.395274 0.341398 0.383562 0.309057 0.385107 0.309617 0.396819
0 0.797088 0.995497 0.797380 0.981862 0.789991 0.981704 0.789700 0.995339
0 0.788130 0.455972 0.825587 0.452724 0.824757 0.443161 0.787301 0.446408
0 0.390885 0.084568 0.395026 0.072642 0.359189 0.060202 0.355049 0.072128
0 0.858264 0.994527 0.858985 0.982700 0.854288 0.982414 0.853567 0.994240
0 0.575284 0.582581 0.603731 0.560542 0.595740 0.550228 0.567293 0.572267
0 0.340383 0.419771 0.341670 0.404473 0.311321 0.401918 0.310033 0.417217
0 0.147635 0.811636 0.148870 0.804322 0.124324 0.800179 0.123089 0.807493
0 0.540578 0.165512 0.575281 0.152283 0.569770 0.137828 0.535067 0.151057
0 0.835118 0.995190 0.835207 0.985360 0.829370 0.985307 0.829281 0.995138
0 0.764375 0.994932 0.764864 0.982111 0.757347 0.981825 0.756858 0.994646
0 0.470138 0.030977 0.472487 0.020391 0.447059 0.014748 0.444710 0.025334
0 0.866815 0.995159 0.867352 0.984814 0.861333 0.984501 0.860795 0.994846
0 0.131168 0.794778 0.150952 0.786276 0.147914 0.779205 0.128130 0.787707
0 0.817886 0.994867 0.818121 0.984379 0.812050 0.984243 0.811814 0.994730
0 0.810630 0.385878 0.816380 0.376659 0.791120 0.360903 0.785370 0.370122
0 0.074893 0.996418 0.076579 0.974796 0.062732 0.973716 0.061047 0.995339
0 0.950462 0.090003 0.950676 0.078948 0.922001 0.078393 0.921787 0.089447
0 0.932665 0.138917 0.942802 0.131031 0.920284 0.102083 0.910147 0.109968
0 0.133875 0.556839 0.138127 0.550270 0.115470 0.535601 0.111217 0.542170
0 0.129289 0.268623 0.161078 0.258830 0.156397 0.243635 0.124608 0.253428
0 0.477121 0.855554 0.477159 0.844123 0.395324 0.843851 0.395287 0.855282
0 0.534839 0.149975 0.567995 0.136126 0.563569 0.125531 0.530414 0.139380
0 0.384017 0.751444 0.384814 0.744483 0.358414 0.741462 0.357617 0.748422
0 0.671016 0.867089 0.671018 0.856568 0.579682 0.856550 0.579680 0.867071
0 0.896792 0.704067 0.937048 0.688419 0.931141 0.673224 0.890885 0.688872
0 0.886301 0.995384 0.886390 0.984844 0.879745 0.984788 0.879656 0.995328
0 0.394143 0.717164 0.393625 0.707276 0.363110 0.708875 0.363628 0.718763
